19.5237142857 
20.2674285714 
18.2557142857 
18.2094285714 
19.2988571429 
18.362 
18.5582857143 
20.3245714286 
18.7951428571 
18.5568571429 
19.8145714286 
19.58 
19.2725714286 
18.514 
19.2668571429 
18.1391428571 
19.982 
18.7162857143 
18.8537142857 
19.094 
18.6262857143 
19.598 
18.4482857143 
18.0825714286 
19.2517142857 
17.5928571429 
18.7277142857 
19.4368571429 
18.9502857143 
18.7054285714 
18.8594285714 
17.974 
18.7025714286 
20.5665714286 
19.4477142857 
18.5671428571 
17.1225714286 
18.7145714286 
18.1634285714 
19.0382857143 
Avg_Full: 18.8990357143 
Variance: 0.522131990564 
Stand_Dev: 0.722587012452 
