20.2245714286 
20.6125714286 
19.5597142857 
19.6642857143 
19.8517142857 
20.6605714286 
18.7325714286 
19.1402857143 
19.8774285714 
18.8117142857 
19.0354285714 
19.0605714286 
20.3508571429 
19.3891428571 
20.5391428571 
20.3737142857 
20.156 
21.3228571429 
20.4951428571 
19.726 
19.2762857143 
19.1588571429 
19.4714285714 
20.28 
19.8702857143 
20.124 
20.6411428571 
19.7562857143 
18.268 
19.8522857143 
19.4625714286 
20.2771428571 
19.756 
20.1791428571 
20.4517142857 
18.4585714286 
19.6397142857 
18.4314285714 
18.9257142857 
19.8822857143 
Avg_Full: 19.7436785714 
Variance: 0.476949408927 
Stand_Dev: 0.690615239426 
