19.2757142857 
18.3691428571 
19.4662857143 
18.5091428571 
18.6697142857 
19.95 
17.8091428571 
18.2714285714 
18.0931428571 
19.5797142857 
17.8662857143 
19.2771428571 
19.1588571429 
19.0222857143 
19.6914285714 
19.1794285714 
16.9317142857 
19.1331428571 
17.9125714286 
18.7448571429 
19.4117142857 
17.9328571429 
18.9331428571 
17.8085714286 
17.7057142857 
18.3051428571 
19.8994285714 
19.1477142857 
18.46 
18.4374285714 
19.3922857143 
19.1265714286 
17.6914285714 
18.8482857143 
18.8454285714 
17.72 
19.1185714286 
18.3142857143 
18.5985714286 
18.9088571429 
Avg_Full: 18.6879285714 
Variance: 0.478687954082 
Stand_Dev: 0.691872787499 
