18.79 
19.5785714286 
18.8454285714 
18.9517142857 
18.4668571429 
18.2505714286 
18.4922857143 
18.4262857143 
18.492 
18.0077142857 
20.3711428571 
18.6805714286 
19.7434285714 
18.3188571429 
18.638 
18.6542857143 
18.4837142857 
18.584 
18.6825714286 
17.5377142857 
20.2722857143 
19.5374285714 
18.4542857143 
17.4817142857 
17.7654285714 
17.7154285714 
19.1048571429 
18.6468571429 
18.4891428571 
17.8974285714 
18.4837142857 
19.3571428571 
18.9831428571 
17.6285714286 
16.8714285714 
19.1688571429 
19.982 
18.4771428571 
19.3991428571 
18.2257142857 
Avg_Full: 18.6484357143 
Variance: 0.554820734643 
Stand_Dev: 0.74486289654 
