19.952 
19.8894285714 
19.5831428571 
18.0534285714 
18.8588571429 
18.3825714286 
19.5994285714 
19.088 
19.5945714286 
18.6431428571 
19.8034285714 
18.5397142857 
19.6105714286 
20.3042857143 
19.1862857143 
19.0397142857 
18.2454285714 
17.502 
19.3482857143 
19.5457142857 
19.9877142857 
19.8442857143 
19.876 
19.3251428571 
19.5405714286 
18.6542857143 
19.4854285714 
17.9722857143 
19.7097142857 
19.4514285714 
18.5048571429 
18.1614285714 
18.6525714286 
19.958 
19.1137142857 
18.6565714286 
20.6585714286 
17.964 
19.0814285714 
19.8488571429 
Avg_Full: 19.1804214286 
Variance: 0.518052930562 
Stand_Dev: 0.719758939203 
