20.1502857143 
20.0194285714 
20.3222857143 
20.1474285714 
21.0734285714 
19.7728571429 
20.3014285714 
20.6411428571 
22.6768571429 
20.2431428571 
21.7634285714 
19.12 
20.4302857143 
19.8228571429 
18.9565714286 
19.5268571429 
20.7868571429 
19.1842857143 
19.3231428571 
21.2231428571 
20.1142857143 
19.7614285714 
20.8385714286 
19.4045714286 
19.4062857143 
19.4071428571 
19.1508571429 
19.5137142857 
19.5171428571 
19.1625714286 
20.614 
20.7122857143 
19.4594285714 
20.008 
20.1191428571 
20.1205714286 
19.9057142857 
20.0137142857 
20.0397142857 
20.4711428571 
Avg_Full: 20.08065 
Variance: 0.565810926477 
Stand_Dev: 0.752204045773 
