0.228466670075 
0.230967909575 
0.237431927037 
0.248017204096 
0.228606790071 
0.242619507074 
0.21429517824 
0.222878775455 
0.239715208045 
0.257179508454 
0.245814200094 
0.220587926633 
0.236228037084 
0.232619157515 
0.236504413805 
0.248822727112 
0.254475823638 
0.28318208917 
0.254954644614 
0.230316593818 
0.224468139044 
0.217304014525 
0.233414082932 
0.251220628296 
0.226302869067 
0.232294707962 
0.260946984283 
0.245220618988 
0.215438540126 
0.227875840113 
0.257826408435 
0.213882510458 
0.2158521081 
0.237177394633 
0.221255202123 
0.229774866365 
0.236537727019 
0.230864664456 
0.242116970502 
0.237189238444 
Avg_Full: 0.236266195187 
Variance: 0.000215456416556 
Stand_Dev: 0.0146784337229 
