0.244445717978 
0.220405020023 
0.216398917669 
0.227721402905 
0.219133393298 
0.238717021443 
0.222035942564 
0.227241154446 
0.220999517116 
0.228434022934 
0.221281872458 
0.229452795631 
0.247445343448 
0.233869711106 
0.238023621338 
0.235461391412 
0.21851720704 
0.23585743799 
0.22232486744 
0.212828024361 
0.229759362975 
0.246002359608 
0.232317579158 
0.233977103861 
0.237797527615 
0.214745812233 
0.243774837371 
0.221930055485 
0.219146284197 
0.221506400489 
0.227214255035 
0.208000574736 
0.208049198039 
0.215744073575 
0.223189016052 
0.235980905488 
0.2314027839 
0.217119977312 
0.237119618975 
0.228384553148 
Avg_Full: 0.227343916546 
Variance: 0.000101570723065 
Stand_Dev: 0.0100782301554 
