0.224813216206 
0.251216743049 
0.231798317635 
0.226887995178 
0.216116634313 
0.245599698531 
0.219838365431 
0.246618814658 
0.21154169125 
0.21496040175 
0.239849384178 
0.225419445769 
0.243322573646 
0.215399451234 
0.221196515349 
0.209471100228 
0.227249007721 
0.235155401803 
0.223155313666 
0.222450558414 
0.232228455729 
0.235543554792 
0.222129882894 
0.223449238514 
0.24513840151 
0.20612950584 
0.206634353529 
0.243772233176 
0.227186401884 
0.234771151594 
0.24363151146 
0.212031694589 
0.232130043929 
0.24758020574 
0.242152832785 
0.216321231548 
0.216934941222 
0.231929591156 
0.232757475402 
0.223428364946 
Avg_Full: 0.228198542556 
Variance: 0.000149407606138 
Stand_Dev: 0.0122232404107 
