0.213521809812 
0.214534216453 
0.222693598756 
0.225288357574 
0.226023866435 
0.241977777502 
0.230327679926 
0.226324307985 
0.233775887096 
0.225633039937 
0.228364350023 
0.222259799969 
0.223417536969 
0.218594799017 
0.223798441752 
0.222377815241 
0.236149394381 
0.219691119715 
0.230791068489 
0.210019245321 
0.233994507473 
0.212716558917 
0.231517035247 
0.218305875979 
0.219980410419 
0.217871815311 
0.229502481856 
0.225044850936 
0.212854379163 
0.209462709527 
0.234261335267 
0.242737041131 
0.21965761956 
0.242610823464 
0.213973514069 
0.23238342795 
0.225008637657 
0.2292189349 
0.234840353489 
0.226387366366 
Avg_Full: 0.225197344776 
Variance: 7.39772417725e-05 
Stand_Dev: 0.00860100237022 
