0.238470968755 
0.265134884249 
0.245604095796 
0.218864790776 
0.28129761644 
0.24476139766 
0.242413443228 
0.245844300486 
0.252881467249 
0.222113647217 
0.249824878887 
0.23257484724 
0.240905809158 
0.260137943896 
0.231495324009 
0.235590007015 
0.226116852012 
0.214358270764 
0.228843844756 
0.250962829301 
0.276162695572 
0.242905900268 
0.243220934921 
0.244841304277 
0.226938675319 
0.245922450978 
0.233978937977 
0.239457262467 
0.228438009224 
0.235498038097 
0.221488271662 
0.226501663346 
0.24115767166 
0.260187189444 
0.240517934622 
0.217116013163 
0.262000933611 
0.210953803628 
0.248549390297 
0.22369969765 
Avg_Full: 0.239943349927 
Variance: 0.000249528264344 
Stand_Dev: 0.0157964636658 
