0.283793392757 
0.279512502565 
0.254740598227 
0.262137201474 
0.273825525987 
0.264405752111 
0.269735924201 
0.270415745742 
0.299134196276 
0.275139457838 
0.276951055701 
0.25286983019 
0.262335816832 
0.257568563716 
0.225124255732 
0.266213429096 
0.261483522005 
0.244130466243 
0.264731134369 
0.289267156432 
0.26410051978 
0.266879135352 
0.281493653513 
0.265481791813 
0.252610898938 
0.261660446962 
0.248360887425 
0.232985300704 
0.257983067223 
0.259814454494 
0.257848161933 
0.253418307364 
0.243859986402 
0.281383430172 
0.269887250446 
0.248010058857 
0.270715587741 
0.266512984209 
0.260349448009 
0.269532639412 
Avg_Full: 0.263660088456 
Variance: 0.000202339084189 
Stand_Dev: 0.0142245943418 
