13.3001292337 
14.8621829473 
13.7133734072 
13.422874813 
12.7856325105 
14.5298741121 
13.0058130928 
14.5901658353 
12.5149752289 
12.7172288696 
14.1896809272 
13.3359942583 
14.3951575872 
12.7432033874 
13.0861623255 
12.392477412 
13.4442326031 
13.9119811849 
13.2020463967 
13.1603525137 
13.73882072 
13.9349446254 
13.1413810941 
13.2194352252 
14.5025834124 
12.194786022 
12.2246532141 
14.4217598037 
13.4405287918 
13.889248636 
14.4134345947 
12.5439642173 
13.7329985994 
14.6470424987 
14.3259547846 
12.7977366462 
12.8340442001 
13.7211396534 
13.7701179459 
13.2182003283 
Avg_Full: 13.5004078415 
Variance: 0.522926621473 
Stand_Dev: 0.723136654771 
