14.1081327711 
15.685591285 
14.5301342578 
12.9482156394 
16.6417914165 
14.4802795638 
14.3413727063 
14.544344959 
14.9606693591 
13.1404205785 
14.779839153 
13.7593135181 
14.2521798719 
15.389968307 
13.6954480625 
13.937692776 
13.3772533681 
12.6816063201 
13.5385844345 
14.8471612074 
16.3380054012 
14.3705068577 
14.3891445591 
14.485006903 
13.4258730906 
14.5489684044 
13.8423806464 
14.166482694 
13.5145748806 
13.9322518215 
13.1034228618 
13.4000191136 
14.2670802585 
15.3928817129 
14.2292329049 
12.8447565606 
15.5001842649 
12.4801953281 
14.7043802304 
13.2342525875 
Avg_Full: 14.1952400159 
Variance: 0.873348925196 
Stand_Dev: 0.934531393371 
