14.461603702 
13.0393368305 
12.8023326191 
13.4721798791 
12.9641063789 
14.1226894444 
13.1358235092 
13.4437679971 
13.0745077529 
13.5143390485 
13.0912121202 
13.5746104541 
14.639063938 
13.8359186975 
14.081667341 
13.9300837743 
12.9276523083 
13.9535142059 
13.1529165354 
12.591075722 
13.5927472227 
14.5536958627 
13.7440933332 
13.8422721386 
14.068291456 
12.7045335826 
14.42191387 
13.1295591452 
12.9648690148 
13.1044953776 
13.4421766064 
12.3054799507 
12.3083565441 
12.76359152 
13.2040402568 
13.9608186416 
13.6899733158 
12.8449910828 
14.0281858399 
13.5114123765 
Avg_Full: 13.4498474849 
Variance: 0.35549753073 
Stand_Dev: 0.59623613672 
