13.5162704794 
13.6642458038 
14.0466622341 
14.6728956701 
13.5245600902 
14.3535636079 
12.677873716 
13.1856861755 
14.1817429601 
15.2149449059 
14.5425641958 
13.0501577315 
13.9754391439 
13.7619349494 
13.9917898113 
14.7205510545 
15.0549927551 
16.7532783268 
15.0833201861 
13.625713444 
13.2797141935 
12.8558788712 
13.8089633712 
14.8624128016 
13.3882582855 
13.7427402549 
15.4378317818 
14.5074474639 
12.7455159174 
13.4813165075 
15.2532160249 
12.6534599608 
12.7699829287 
14.031603894 
13.0896342819 
13.5936644156 
13.9937606476 
13.6581377402 
14.3238331433 
14.0323045833 
Avg_Full: 13.9776966078 
Variance: 0.754097457952 
Stand_Dev: 0.868387849957 
