12.6321206228 
12.6920154074 
13.1747309743 
13.3282389761 
13.3717522671 
14.3155983744 
13.626369307 
13.3895266289 
13.8303679943 
13.3486306597 
13.5102171435 
13.1490670919 
13.2175597365 
12.9322427116 
13.2400943674 
13.1560489696 
13.9707865789 
12.9971019187 
13.6537837441 
12.4249061131 
13.8433017502 
12.5844813374 
13.6967325166 
12.9151497941 
13.0142165876 
12.8894704187 
13.5775499308 
13.3138329291 
12.5926348931 
12.3919810114 
13.8590874954 
14.3605170164 
12.9951200228 
14.3530498786 
12.658843807 
13.7479890003 
13.3116905227 
13.5607750666 
13.8933426753 
13.3932572131 
Avg_Full: 13.3228545864 
Variance: 0.258920346207 
Stand_Dev: 0.508842162372 
