16.7894435347 
16.5361826555 
15.070657031 
15.5082459804 
16.1997365839 
15.642455246 
15.9577924794 
15.9980112642 
17.6970177102 
16.2774698405 
16.3846454154 
14.9599809014 
15.5199962234 
15.2379617256 
13.3185305802 
15.7493988586 
15.4695737814 
14.4429531578 
15.66170512 
17.1132757608 
15.6243974578 
15.7887825719 
16.6533891262 
15.7061146133 
14.944662322 
15.4800408031 
14.6932282501 
13.7835962725 
15.2624840838 
15.3708304159 
15.2545029792 
14.9924292486 
14.4269513546 
16.6468682254 
15.9667450608 
14.6724729521 
16.0157501561 
15.7671207781 
15.4024810591 
15.9457659891 
Avg_Full: 15.5983411893 
Variance: 0.708186794669 
Stand_Dev: 0.841538350088 
