176.893437633 
220.884481959 
188.056610204 
180.173568245 
163.472398694 
211.117241714 
169.151174204 
212.872939102 
156.62460498 
161.727910122 
201.347044816 
177.848742857 
207.220561959 
162.389232571 
171.247644408 
153.573496408 
180.747390286 
193.54322049 
174.294029061 
173.194878286 
188.755194776 
194.182681714 
172.695897061 
174.753467673 
210.324925633 
148.712806122 
149.442146204 
207.987155837 
180.647814204 
192.911227673 
207.747096816 
157.351038286 
188.595250531 
214.535853959 
205.23298049 
163.782063265 
164.712690531 
188.269673388 
189.616148245 
174.720819918 
Avg_Full: 182.783938508 
Variance: 382.959605506 
Stand_Dev: 19.5693537324 
