281.885414204 
273.445336816 
227.124703347 
240.505693388 
262.431465388 
244.686406122 
254.651140816 
255.936364408 
313.184435837 
264.956024408 
268.456605388 
223.801028571 
240.870282776 
232.195477551 
177.383256816 
248.043564408 
239.30771298 
208.598895918 
245.289007265 
292.864207265 
244.121795918 
249.285655102 
277.335369388 
246.682036245 
223.342931918 
239.631663265 
215.890956408 
189.987526204 
232.943420408 
236.262427673 
232.699861143 
224.772934776 
208.136925388 
277.118221714 
254.936947837 
215.281462531 
256.504253061 
248.602097633 
237.236422776 
254.26745298 
Avg_Full: 244.016434651 
Variance: 683.257350172 
Stand_Dev: 26.1391918424 
