159.570471429 
161.087255102 
173.573536245 
177.641954204 
178.803758694 
204.936356816 
185.67794049 
179.279423347 
191.279078857 
178.18594049 
182.525967265 
172.897965388 
174.703885388 
167.242901551 
175.300098857 
173.08162449 
195.182877633 
168.924658286 
186.425810531 
154.378291918 
191.637003347 
158.369170531 
187.600481633 
166.801094204 
169.369833388 
166.138447673 
184.349862122 
177.258147265 
158.574453551 
153.561193388 
192.074306204 
206.22444898 
168.873144408 
206.010040816 
160.246326531 
189.007201551 
177.201104571 
183.894620408 
193.024970694 
179.379338776 
Avg_Full: 177.757374676 
Variance: 184.973116085 
Stand_Dev: 13.6004822005 
