199.039410286 
246.037773959 
211.124801551 
167.656288245 
276.949221551 
209.678496245 
205.674971102 
211.537970286 
223.821627673 
172.67065298 
218.443645388 
189.31870849 
203.124631102 
236.85112449 
187.565297633 
194.259279918 
178.950907673 
160.823138857 
183.29326849 
220.438195918 
266.93042049 
206.511467347 
207.047481143 
209.81542498 
180.254068245 
211.672481633 
191.611501959 
200.689231918 
182.643734204 
194.107640816 
171.699690694 
179.560512245 
203.549579102 
236.940807429 
202.471069061 
164.987771102 
240.255712245 
155.755275429 
216.218797959 
175.145441551 
Avg_Full: 202.378188035 
Variance: 728.268660294 
Stand_Dev: 26.9864532737 
