182.689567673 
186.711613388 
197.308719918 
215.293867347 
182.913725633 
206.024788245 
160.728481959 
173.862319918 
201.121833388 
231.49454849 
211.486173388 
170.306616816 
195.312899265 
189.390853551 
195.770182122 
216.694623347 
226.652806857 
280.672334694 
227.506547837 
185.660066857 
176.350809061 
165.273621551 
190.687469388 
220.891314286 
179.245459918 
188.862909714 
238.326650122 
210.466031918 
162.448176 
181.745894776 
232.660599102 
160.11004898 
163.072464 
196.885907837 
171.338525633 
184.787712245 
195.825337061 
186.544726531 
205.172195918 
196.905571918 
Avg_Full: 196.130099916 
Variance: 619.362556497 
Stand_Dev: 24.8869957306 
