209.137981633 
170.02430498 
163.89972049 
181.499630694 
168.068054204 
199.450357143 
172.549859265 
180.734897959 
170.94275298 
182.637359918 
171.379834776 
184.27004898 
214.30219298 
191.432646204 
198.293355102 
194.047233959 
167.124194204 
194.700558694 
172.999213388 
158.535187837 
184.762777061 
211.810063265 
188.900101551 
191.608497959 
197.91682449 
161.405173551 
207.991599673 
172.385323347 
168.087828571 
171.727799102 
180.692111918 
151.424836816 
151.495640816 
162.90926849 
174.346679102 
194.904457143 
187.415369388 
164.993795918 
196.789997959 
182.558264408 
Avg_Full: 181.253894898 
Variance: 258.695689358 
Stand_Dev: 16.0840196891 
