WIN FINALE DIS
2.0
2.0
2.0
2.0
2.0
2.0
2.0
2.0
2.0
2.0
33.0
33.0
33.0
33.0
33.0
33.0
33.0
33.0
33.0
33.0
11.0
11.0
11.0
11.0
11.0
11.0
11.0
11.0
11.0
11.0
14.0
14.0
14.0
14.0
14.0
14.0
14.0
14.0
14.0
14.0
6.0
6.0
6.0
6.0
6.0
6.0
6.0
6.0
6.0
6.0
12.0
12.0
12.0
12.0
12.0
12.0
12.0
12.0
12.0
12.0
28.0
28.0
28.0
32.0
32.0
32.0
32.0
32.0
32.0
32.0
4.0
4.0
4.0
4.0
4.0
4.0
4.0
4.0
4.0
4.0
29.0
29.0
29.0
29.0
29.0
29.0
29.0
29.0
29.0
29.0
6.0
6.0
6.0
6.0
6.0
6.0
6.0
6.0
6.0
6.0
28.0
28.0
28.0
28.0
28.0
29.0
29.0
29.0
29.0
29.0
23.0
9.0
9.0
9.0
9.0
9.0
9.0
9.0
9.0
9.0
17.0
17.0
8.0
8.0
8.0
8.0
8.0
8.0
8.0
8.0
8.0
8.0
8.0
8.0
8.0
8.0
8.0
8.0
8.0
8.0
14.0
14.0
14.0
14.0
14.0
14.0
14.0
14.0
11.0
11.0
20.0
20.0
20.0
20.0
20.0
20.0
20.0
20.0
20.0
20.0
22.0
23.0
23.0
23.0
23.0
23.0
23.0
23.0
23.0
23.0
9.0
9.0
9.0
9.0
9.0
9.0
9.0
9.0
9.0
9.0
22.0
22.0
22.0
22.0
22.0
22.0
22.0
22.0
31.0
31.0
15.0
15.0
5.0
5.0
5.0
5.0
5.0
5.0
5.0
5.0
15.0
15.0
18.0
18.0
18.0
18.0
18.0
18.0
18.0
18.0
15.0
15.0
15.0
7.0
7.0
7.0
7.0
7.0
7.0
7.0
13.0
13.0
13.0
13.0
13.0
13.0
13.0
13.0
14.0
14.0
12.0
12.0
12.0
12.0
12.0
12.0
12.0
12.0
12.0
12.0
9.0
9.0
9.0
10.0
10.0
10.0
10.0
10.0
10.0
10.0
3.0
3.0
3.0
3.0
3.0
1.0
1.0
2.0
2.0
2.0
13.0
13.0
13.0
14.0
14.0
15.0
15.0
15.0
15.0
17.0
39.0
39.0
39.0
39.0
39.0
39.0
39.0
40.0
40.0
53.0
45.0
18.0
11.0
11.0
11.0
11.0
11.0
11.0
11.0
11.0
21.0
21.0
21.0
12.0
12.0
18.0
18.0
18.0
18.0
18.0
7.0
7.0
7.0
7.0
7.0
7.0
7.0
7.0
7.0
7.0
5.0
5.0
5.0
5.0
5.0
5.0
5.0
5.0
5.0
5.0
15.0
18.0
18.0
18.0
18.0
18.0
18.0
18.0
18.0
18.0
5.0
5.0
5.0
6.0
6.0
6.0
6.0
6.0
6.0
6.0
14.0
14.0
14.0
14.0
14.0
14.0
14.0
14.0
14.0
14.0
21.0
23.0
23.0
23.0
23.0
23.0
23.0
23.0
23.0
23.0
24.0
24.0
24.0
24.0
24.0
24.0
27.0
27.0
27.0
27.0
23.0
23.0
23.0
23.0
23.0
23.0
23.0
23.0
23.0
23.0
10.0
10.0
10.0
10.0
10.0
12.0
12.0
12.0
12.0
12.0
2.0
2.0
2.0
2.0
1.0
1.0
1.0
1.0
1.0
1.0
33.0
33.0
33.0
39.0
39.0
39.0
39.0
39.0
39.0
24.0
24.0
24.0
24.0
24.0
24.0
24.0
24.0
24.0
24.0
24.0
30.0
30.0
30.0
30.0
30.0
38.0
38.0
38.0
38.0
38.0
5.0
5.0
5.0
5.0
5.0
5.0
5.0
5.0
5.0
5.0
10.0
10.0
10.0
10.0
11.0
11.0
11.0
11.0
11.0
11.0
21.0
21.0
21.0
21.0
21.0
21.0
21.0
21.0
21.0
21.0
31.0
31.0
35.0
35.0
35.0
35.0
35.0
35.0
35.0
35.0
13.0
14.0
14.0
14.0
14.0
14.0
14.0
14.0
14.0
14.0
15.0
15.0
15.0
15.0
15.0
15.0
15.0
15.0
15.0
15.0
12.0
12.0
12.0
12.0
12.0
12.0
12.0
12.0
9.0
9.0
23.0
23.0
23.0
24.0
24.0
25.0
25.0
27.0
27.0
31.0
11.0
11.0
11.0
11.0
11.0
11.0
11.0
11.0
11.0
11.0
9.0
9.0
9.0
9.0
9.0
9.0
9.0
9.0
9.0
10.0
37.0
37.0
46.0
27.0
27.0
27.0
27.0
27.0
27.0
29.0
8.0
8.0
10.0
10.0
10.0
10.0
10.0
10.0
10.0
10.0
44.0
44.0
44.0
44.0
44.0
44.0
44.0
44.0
44.0
44.0
24.0
24.0
14.0
14.0
14.0
17.0
17.0
17.0
19.0
19.0
7.0
7.0
7.0
7.0
7.0
7.0
7.0
7.0
7.0
7.0
14.0
17.0
17.0
17.0
17.0
9.0
9.0
9.0
9.0
9.0
16.0
16.0
16.0
16.0
11.0
11.0
11.0
11.0
11.0
9.0
24.0
24.0
24.0
24.0
24.0
24.0
24.0
24.0
24.0
24.0
21.0
21.0
21.0
21.0
21.0
21.0
21.0
21.0
21.0
21.0
8.0
8.0
8.0
9.0
9.0
9.0
9.0
10.0
10.0
10.0
38.0
38.0
38.0
43.0
43.0
43.0
43.0
46.0
46.0
46.0
29.0
33.0
33.0
33.0
33.0
12.0
12.0
12.0
12.0
12.0
16.0
16.0
16.0
16.0
16.0
16.0
18.0
18.0
18.0
18.0
31.0
31.0
31.0
31.0
31.0
31.0
39.0
39.0
39.0
39.0
15.0
15.0
15.0
15.0
15.0
15.0
15.0
15.0
15.0
15.0
34.0
34.0
34.0
34.0
34.0
34.0
17.0
17.0
19.0
19.0
1.0
1.0
1.0
1.0
1.0
1.0
1.0
1.0
1.0
1.0
29.0
31.0
31.0
31.0
31.0
31.0
31.0
31.0
31.0
31.0
34.0
14.0
14.0
14.0
14.0
14.0
14.0
14.0
14.0
14.0
5.0
5.0
5.0
5.0
5.0
6.0
3.0
3.0
3.0
3.0
25.0
25.0
25.0
25.0
25.0
25.0
25.0
25.0
25.0
25.0
3.0
3.0
3.0
3.0
3.0
3.0
3.0
3.0
3.0
4.0
27.0
27.0
27.0
27.0
27.0
27.0
27.0
32.0
32.0
32.0
23.0
13.0
13.0
13.0
13.0
13.0
13.0
15.0
15.0
15.0
21.0
22.0
22.0
22.0
22.0
22.0
22.0
22.0
22.0
22.0
23.0
23.0
23.0
23.0
23.0
28.0
28.0
28.0
28.0
28.0
17.0
17.0
17.0
17.0
17.0
17.0
17.0
17.0
17.0
17.0
40.0
40.0
40.0
40.0
40.0
40.0
40.0
40.0
40.0
40.0
28.0
28.0
28.0
28.0
28.0
28.0
28.0
28.0
28.0
28.0
15.0
15.0
15.0
15.0
15.0
15.0
15.0
15.0
15.0
15.0
2.0
2.0
2.0
2.0
2.0
2.0
2.0
2.0
2.0
2.0
29.0
29.0
29.0
29.0
29.0
29.0
29.0
29.0
29.0
29.0
6.0
6.0
6.0
8.0
8.0
4.0
4.0
4.0
4.0
1.0
38.0
38.0
38.0
38.0
38.0
38.0
38.0
25.0
25.0
25.0
4.0
4.0
4.0
4.0
4.0
4.0
4.0
4.0
4.0
4.0
2.0
2.0
2.0
2.0
2.0
2.0
2.0
2.0
2.0
1.0
25.0
25.0
27.0
27.0
27.0
27.0
27.0
28.0
28.0
28.0
25.0
25.0
25.0
25.0
25.0
25.0
25.0
25.0
25.0
25.0
31.0
31.0
11.0
11.0
11.0
11.0
11.0
11.0
11.0
11.0
29.0
29.0
29.0
29.0
29.0
29.0
29.0
29.0
29.0
29.0
30.0
30.0
30.0
30.0
30.0
30.0
30.0
30.0
30.0
30.0
29.0
29.0
29.0
29.0
31.0
32.0
32.0
32.0
32.0
32.0
7.0
7.0
7.0
7.0
7.0
5.0
5.0
5.0
5.0
5.0
18.0
18.0
18.0
18.0
18.0
18.0
18.0
18.0
20.0
20.0
7.0
7.0
7.0
8.0
8.0
8.0
8.0
9.0
9.0
9.0
22.0
22.0
22.0
22.0
22.0
22.0
22.0
22.0
22.0
22.0
16.0
16.0
16.0
16.0
16.0
19.0
19.0
19.0
19.0
19.0
5.0
5.0
5.0
5.0
4.0
4.0
4.0
4.0
4.0
4.0
5.0
5.0
5.0
5.0
5.0
5.0
5.0
6.0
6.0
6.0
25.0
25.0
25.0
25.0
25.0
25.0
25.0
10.0
10.0
10.0
5.0
5.0
5.0
5.0
5.0
5.0
5.0
5.0
5.0
5.0
13.0
13.0
13.0
13.0
13.0
13.0
13.0
13.0
13.0
13.0
30.0
30.0
30.0
30.0
30.0
30.0
30.0
30.0
30.0
30.0
11.0
11.0
11.0
11.0
11.0
11.0
11.0
11.0
11.0
14.0
18.0
18.0
18.0
18.0
19.0
19.0
19.0
19.0
19.0
19.0
9.0
9.0
9.0
9.0
9.0
9.0
10.0
10.0
10.0
10.0
39.0
39.0
39.0
39.0
39.0
39.0
41.0
41.0
41.0
19.0
5.0
5.0
5.0
5.0
5.0
5.0
5.0
5.0
5.0
6.0
24.0
25.0
30.0
30.0
30.0
32.0
32.0
32.0
32.0
32.0
11.0
11.0
11.0
11.0
12.0
12.0
12.0
13.0
14.0
14.0
8.0
8.0
8.0
8.0
8.0
8.0
8.0
8.0
9.0
9.0
22.0
22.0
22.0
22.0
22.0
22.0
22.0
26.0
26.0
26.0
56.0
56.0
56.0
56.0
56.0
56.0
56.0
56.0
56.0
59.0
8.0
8.0
8.0
2.0
2.0
2.0
2.0
2.0
3.0
3.0
2.0
2.0
2.0
2.0
2.0
2.0
2.0
2.0
2.0
2.0
6.0
6.0
6.0
6.0
6.0
6.0
6.0
6.0
6.0
6.0
21.0
21.0
21.0
21.0
21.0
21.0
21.0
21.0
21.0
21.0
12.0
12.0
12.0
13.0
13.0
13.0
14.0
4.0
4.0
4.0
19.0
19.0
24.0
24.0
24.0
24.0
24.0
12.0
12.0
12.0
16.0
17.0
17.0
17.0
17.0
17.0
18.0
19.0
19.0
19.0
32.0
32.0
42.0
42.0
42.0
42.0
42.0
42.0
42.0
44.0
37.0
37.0
37.0
37.0
37.0
37.0
37.0
37.0
37.0
37.0
13.0
13.0
15.0
15.0
15.0
15.0
15.0
15.0
15.0
15.0
7.0
7.0
8.0
8.0
8.0
8.0
8.0
8.0
8.0
8.0
3.0
3.0
3.0
3.0
3.0
4.0
4.0
4.0
4.0
4.0
27.0
27.0
27.0
27.0
27.0
27.0
27.0
6.0
8.0
8.0
25.0
31.0
31.0
31.0
31.0
31.0
31.0
36.0
36.0
36.0
25.0
25.0
25.0
25.0
26.0
14.0
14.0
14.0
14.0
14.0
30.0
30.0
30.0
30.0
30.0
30.0
30.0
30.0
30.0
30.0
27.0
27.0
27.0
27.0
10.0
5.0
5.0
5.0
7.0
7.0
15.0
15.0
15.0
15.0
15.0
15.0
15.0
15.0
15.0
15.0
1.0
1.0
1.0
1.0
1.0
1.0
1.0
1.0
1.0
1.0
3.0
3.0
3.0
3.0
3.0
3.0
3.0
3.0
3.0
3.0
21.0
21.0
21.0
21.0
21.0
21.0
21.0
21.0
21.0
21.0
41.0
41.0
41.0
41.0
41.0
41.0
41.0
41.0
41.0
41.0
34.0
12.0
12.0
12.0
12.0
13.0
13.0
13.0
13.0
13.0
24.0
24.0
24.0
24.0
24.0
24.0
27.0
27.0
27.0
27.0
31.0
31.0
39.0
16.0
16.0
16.0
16.0
16.0
16.0
16.0
10.0
10.0
10.0
10.0
10.0
10.0
10.0
10.0
10.0
10.0
24.0
24.0
8.0
8.0
8.0
8.0
8.0
8.0
8.0
8.0
8.0
8.0
8.0
8.0
8.0
8.0
8.0
8.0
10.0
10.0
36.0
36.0
36.0
36.0
36.0
36.0
36.0
36.0
36.0
36.0
24.0
25.0
25.0
25.0
25.0
25.0
25.0
25.0
25.0
25.0
47.0
47.0
47.0
47.0
47.0
68.0
68.0
68.0
68.0
28.0
5.0
5.0
5.0
3.0
3.0
3.0
3.0
1.0
1.0
1.0
24.0
24.0
24.0
24.0
24.0
24.0
24.0
24.0
24.0
24.0
13.0
13.0
13.0
13.0
13.0
13.0
13.0
13.0
13.0
13.0
