WIN FINALE DIS
2.0
2.0
2.0
2.0
2.0
2.0
2.0
2.0
2.0
2.0
15.0
15.0
19.0
19.0
19.0
19.0
19.0
24.0
24.0
25.0
21.0
21.0
21.0
21.0
21.0
21.0
21.0
21.0
21.0
21.0
1.0
1.0
1.0
2.0
2.0
2.0
2.0
2.0
2.0
2.0
37.0
37.0
37.0
37.0
37.0
37.0
37.0
37.0
37.0
37.0
6.0
6.0
6.0
6.0
6.0
6.0
6.0
6.0
6.0
6.0
7.0
7.0
7.0
7.0
9.0
9.0
9.0
9.0
9.0
9.0
5.0
5.0
5.0
6.0
6.0
6.0
6.0
6.0
6.0
7.0
10.0
10.0
12.0
12.0
12.0
12.0
12.0
12.0
12.0
12.0
3.0
3.0
3.0
3.0
3.0
4.0
4.0
4.0
4.0
4.0
10.0
10.0
10.0
10.0
10.0
10.0
11.0
11.0
11.0
11.0
13.0
13.0
13.0
13.0
13.0
13.0
13.0
13.0
13.0
13.0
26.0
26.0
26.0
26.0
26.0
26.0
26.0
26.0
26.0
26.0
40.0
40.0
40.0
40.0
40.0
40.0
40.0
40.0
40.0
40.0
33.0
33.0
33.0
33.0
33.0
33.0
33.0
33.0
33.0
33.0
22.0
22.0
22.0
22.0
22.0
22.0
22.0
22.0
22.0
22.0
35.0
35.0
35.0
35.0
35.0
35.0
35.0
35.0
35.0
35.0
54.0
54.0
19.0
19.0
19.0
19.0
19.0
19.0
19.0
19.0
10.0
10.0
11.0
11.0
11.0
11.0
11.0
11.0
11.0
11.0
26.0
26.0
26.0
26.0
26.0
28.0
28.0
28.0
28.0
28.0
29.0
29.0
29.0
35.0
35.0
35.0
35.0
35.0
36.0
36.0
25.0
25.0
25.0
25.0
25.0
25.0
25.0
25.0
25.0
25.0
35.0
35.0
35.0
35.0
35.0
35.0
13.0
13.0
13.0
13.0
17.0
21.0
21.0
21.0
21.0
22.0
22.0
22.0
22.0
22.0
9.0
9.0
9.0
9.0
9.0
9.0
9.0
9.0
9.0
9.0
39.0
39.0
39.0
39.0
39.0
39.0
39.0
39.0
39.0
39.0
8.0
8.0
8.0
8.0
8.0
8.0
8.0
10.0
10.0
10.0
18.0
18.0
18.0
18.0
18.0
18.0
18.0
21.0
21.0
21.0
48.0
48.0
48.0
48.0
53.0
53.0
53.0
53.0
53.0
53.0
2.0
2.0
1.0
1.0
1.0
1.0
1.0
1.0
1.0
1.0
35.0
38.0
38.0
38.0
38.0
38.0
38.0
38.0
38.0
38.0
27.0
31.0
31.0
31.0
31.0
31.0
31.0
12.0
12.0
12.0
29.0
29.0
29.0
29.0
29.0
29.0
29.0
32.0
32.0
32.0
4.0
4.0
2.0
3.0
3.0
3.0
3.0
3.0
3.0
3.0
1.0
2.0
3.0
3.0
3.0
2.0
2.0
2.0
2.0
2.0
38.0
38.0
38.0
38.0
38.0
38.0
38.0
42.0
67.0
67.0
5.0
5.0
5.0
5.0
5.0
5.0
5.0
5.0
5.0
5.0
6.0
7.0
7.0
7.0
7.0
7.0
7.0
7.0
7.0
7.0
11.0
11.0
11.0
11.0
11.0
11.0
11.0
11.0
11.0
11.0
34.0
34.0
34.0
34.0
34.0
34.0
34.0
34.0
34.0
34.0
11.0
11.0
11.0
11.0
12.0
12.0
12.0
12.0
12.0
12.0
30.0
30.0
30.0
30.0
30.0
30.0
31.0
31.0
31.0
31.0
10.0
10.0
10.0
10.0
10.0
10.0
10.0
10.0
10.0
10.0
15.0
15.0
15.0
15.0
15.0
15.0
15.0
15.0
15.0
15.0
4.0
4.0
4.0
4.0
4.0
4.0
4.0
4.0
4.0
4.0
12.0
12.0
14.0
14.0
14.0
15.0
15.0
15.0
15.0
15.0
4.0
4.0
4.0
4.0
4.0
4.0
4.0
4.0
4.0
4.0
27.0
27.0
27.0
27.0
27.0
27.0
27.0
27.0
27.0
27.0
14.0
14.0
14.0
14.0
14.0
14.0
14.0
14.0
14.0
14.0
2.0
2.0
2.0
2.0
2.0
2.0
2.0
2.0
2.0
2.0
7.0
7.0
7.0
7.0
7.0
8.0
8.0
8.0
8.0
12.0
30.0
30.0
30.0
30.0
30.0
30.0
30.0
30.0
9.0
10.0
16.0
16.0
16.0
16.0
16.0
16.0
16.0
16.0
16.0
16.0
36.0
36.0
36.0
36.0
36.0
36.0
36.0
41.0
41.0
41.0
2.0
2.0
2.0
2.0
2.0
2.0
2.0
2.0
2.0
2.0
26.0
26.0
26.0
26.0
26.0
26.0
26.0
26.0
26.0
26.0
11.0
11.0
11.0
11.0
11.0
11.0
11.0
4.0
4.0
4.0
8.0
8.0
8.0
8.0
8.0
8.0
8.0
8.0
8.0
8.0
11.0
11.0
11.0
14.0
14.0
14.0
14.0
14.0
14.0
14.0
5.0
5.0
6.0
6.0
6.0
6.0
6.0
6.0
6.0
6.0
10.0
10.0
10.0
10.0
13.0
13.0
13.0
13.0
16.0
16.0
4.0
4.0
4.0
4.0
4.0
4.0
4.0
4.0
4.0
4.0
27.0
27.0
27.0
27.0
27.0
27.0
27.0
27.0
27.0
27.0
20.0
20.0
20.0
20.0
20.0
28.0
28.0
28.0
28.0
28.0
2.0
2.0
2.0
2.0
2.0
2.0
2.0
2.0
2.0
2.0
5.0
5.0
5.0
6.0
6.0
6.0
6.0
6.0
6.0
6.0
50.0
50.0
50.0
57.0
58.0
59.0
59.0
59.0
59.0
59.0
26.0
26.0
26.0
26.0
26.0
26.0
26.0
26.0
26.0
26.0
8.0
8.0
10.0
10.0
10.0
10.0
10.0
10.0
10.0
10.0
10.0
10.0
10.0
10.0
10.0
10.0
10.0
10.0
10.0
10.0
2.0
3.0
3.0
3.0
3.0
3.0
3.0
3.0
3.0
3.0
7.0
7.0
7.0
7.0
7.0
7.0
7.0
7.0
7.0
7.0
22.0
22.0
22.0
22.0
22.0
22.0
22.0
22.0
22.0
22.0
31.0
31.0
31.0
31.0
31.0
31.0
31.0
31.0
31.0
31.0
7.0
7.0
7.0
7.0
7.0
7.0
7.0
7.0
7.0
7.0
37.0
37.0
37.0
37.0
7.0
7.0
7.0
7.0
7.0
7.0
25.0
17.0
17.0
17.0
17.0
17.0
17.0
17.0
17.0
17.0
11.0
11.0
11.0
11.0
11.0
11.0
12.0
13.0
13.0
15.0
6.0
6.0
6.0
6.0
6.0
6.0
6.0
6.0
6.0
6.0
21.0
21.0
5.0
5.0
5.0
5.0
5.0
5.0
5.0
5.0
26.0
26.0
26.0
26.0
26.0
31.0
31.0
31.0
31.0
31.0
19.0
19.0
19.0
19.0
20.0
20.0
20.0
20.0
23.0
23.0
6.0
3.0
3.0
3.0
3.0
3.0
3.0
3.0
3.0
3.0
23.0
26.0
26.0
26.0
31.0
33.0
33.0
33.0
33.0
33.0
25.0
25.0
25.0
25.0
25.0
25.0
25.0
25.0
25.0
25.0
32.0
32.0
32.0
32.0
32.0
32.0
32.0
32.0
32.0
32.0
28.0
28.0
28.0
28.0
28.0
28.0
28.0
28.0
28.0
28.0
21.0
21.0
21.0
21.0
21.0
21.0
21.0
21.0
21.0
21.0
28.0
28.0
28.0
28.0
28.0
28.0
28.0
28.0
28.0
32.0
31.0
31.0
36.0
36.0
36.0
36.0
36.0
36.0
36.0
36.0
10.0
10.0
10.0
10.0
10.0
10.0
10.0
10.0
10.0
10.0
8.0
8.0
8.0
8.0
8.0
8.0
10.0
11.0
11.0
11.0
20.0
20.0
23.0
23.0
23.0
23.0
23.0
23.0
23.0
23.0
17.0
17.0
18.0
18.0
18.0
18.0
18.0
18.0
18.0
18.0
31.0
31.0
31.0
35.0
35.0
35.0
35.0
35.0
22.0
22.0
3.0
3.0
3.0
4.0
4.0
4.0
4.0
4.0
4.0
4.0
1.0
1.0
1.0
1.0
1.0
1.0
1.0
1.0
1.0
1.0
24.0
24.0
25.0
25.0
25.0
25.0
25.0
25.0
25.0
25.0
23.0
23.0
23.0
23.0
23.0
23.0
23.0
23.0
23.0
23.0
24.0
24.0
24.0
24.0
24.0
24.0
24.0
24.0
24.0
24.0
17.0
17.0
17.0
17.0
17.0
17.0
17.0
17.0
17.0
17.0
5.0
5.0
5.0
5.0
5.0
5.0
5.0
5.0
5.0
5.0
26.0
26.0
26.0
26.0
26.0
26.0
28.0
28.0
28.0
28.0
20.0
20.0
20.0
20.0
20.0
20.0
20.0
21.0
21.0
21.0
10.0
10.0
10.0
10.0
10.0
10.0
3.0
1.0
1.0
1.0
24.0
24.0
25.0
25.0
25.0
25.0
11.0
11.0
11.0
11.0
10.0
11.0
11.0
11.0
11.0
12.0
12.0
12.0
12.0
18.0
20.0
20.0
20.0
20.0
20.0
20.0
20.0
20.0
20.0
20.0
30.0
30.0
30.0
30.0
30.0
30.0
30.0
30.0
30.0
30.0
32.0
32.0
32.0
32.0
32.0
32.0
32.0
32.0
32.0
35.0
35.0
35.0
35.0
35.0
35.0
35.0
35.0
35.0
35.0
35.0
8.0
10.0
11.0
11.0
11.0
11.0
11.0
11.0
11.0
11.0
24.0
24.0
24.0
24.0
29.0
29.0
29.0
29.0
29.0
29.0
46.0
46.0
46.0
46.0
23.0
23.0
23.0
23.0
23.0
23.0
31.0
11.0
11.0
11.0
11.0
11.0
11.0
11.0
11.0
11.0
30.0
30.0
30.0
30.0
30.0
30.0
30.0
31.0
31.0
31.0
7.0
7.0
4.0
5.0
5.0
5.0
5.0
5.0
5.0
5.0
4.0
4.0
4.0
4.0
4.0
4.0
4.0
4.0
4.0
4.0
12.0
12.0
13.0
13.0
13.0
13.0
13.0
13.0
13.0
13.0
40.0
40.0
40.0
40.0
40.0
40.0
40.0
40.0
40.0
40.0
5.0
5.0
6.0
6.0
6.0
6.0
6.0
6.0
6.0
6.0
48.0
48.0
48.0
48.0
48.0
48.0
48.0
48.0
48.0
48.0
9.0
9.0
9.0
9.0
9.0
9.0
10.0
10.0
10.0
10.0
10.0
10.0
10.0
10.0
11.0
11.0
11.0
11.0
11.0
11.0
9.0
9.0
9.0
9.0
9.0
9.0
9.0
9.0
9.0
9.0
26.0
26.0
26.0
26.0
27.0
27.0
27.0
27.0
27.0
27.0
29.0
29.0
29.0
29.0
29.0
29.0
29.0
29.0
29.0
29.0
8.0
8.0
8.0
8.0
10.0
10.0
10.0
10.0
10.0
10.0
36.0
36.0
36.0
36.0
36.0
36.0
39.0
39.0
39.0
42.0
11.0
11.0
11.0
11.0
11.0
11.0
11.0
13.0
13.0
13.0
23.0
23.0
23.0
23.0
28.0
28.0
28.0
28.0
28.0
28.0
3.0
3.0
3.0
1.0
1.0
1.0
1.0
2.0
2.0
2.0
2.0
2.0
2.0
2.0
2.0
2.0
2.0
2.0
2.0
2.0
34.0
34.0
34.0
34.0
40.0
40.0
40.0
40.0
7.0
7.0
7.0
7.0
3.0
3.0
3.0
3.0
1.0
1.0
1.0
1.0
8.0
8.0
4.0
5.0
5.0
5.0
5.0
5.0
5.0
5.0
13.0
13.0
13.0
13.0
13.0
13.0
13.0
16.0
16.0
16.0
22.0
22.0
22.0
22.0
22.0
22.0
22.0
22.0
22.0
22.0
19.0
19.0
19.0
19.0
19.0
19.0
19.0
19.0
19.0
15.0
17.0
17.0
17.0
17.0
17.0
19.0
19.0
19.0
19.0
19.0
2.0
2.0
2.0
2.0
1.0
1.0
1.0
1.0
1.0
1.0
17.0
17.0
17.0
17.0
17.0
17.0
17.0
17.0
17.0
17.0
37.0
37.0
37.0
37.0
37.0
37.0
37.0
41.0
41.0
41.0
11.0
11.0
11.0
11.0
12.0
12.0
12.0
12.0
12.0
14.0
3.0
4.0
4.0
4.0
4.0
4.0
4.0
5.0
5.0
5.0
13.0
13.0
13.0
13.0
13.0
13.0
13.0
13.0
13.0
13.0
20.0
20.0
5.0
5.0
5.0
5.0
5.0
5.0
5.0
5.0
17.0
17.0
17.0
17.0
17.0
19.0
19.0
19.0
19.0
19.0
17.0
18.0
18.0
18.0
18.0
18.0
18.0
18.0
18.0
18.0
45.0
45.0
45.0
45.0
45.0
45.0
19.0
19.0
19.0
19.0
