WIN FINALE DIS
25.0
25.0
25.0
25.0
25.0
25.0
25.0
25.0
25.0
25.0
32.0
32.0
32.0
32.0
32.0
32.0
32.0
32.0
32.0
32.0
3.0
3.0
4.0
4.0
4.0
4.0
4.0
4.0
4.0
4.0
21.0
21.0
21.0
21.0
21.0
21.0
23.0
23.0
23.0
23.0
27.0
27.0
27.0
27.0
27.0
27.0
27.0
27.0
27.0
27.0
26.0
26.0
26.0
26.0
26.0
26.0
12.0
12.0
7.0
7.0
38.0
38.0
38.0
38.0
38.0
38.0
38.0
38.0
38.0
38.0
26.0
26.0
26.0
26.0
26.0
26.0
26.0
26.0
26.0
26.0
2.0
1.0
1.0
1.0
1.0
2.0
2.0
2.0
2.0
2.0
8.0
8.0
11.0
11.0
11.0
11.0
11.0
11.0
16.0
16.0
47.0
47.0
47.0
47.0
47.0
47.0
47.0
47.0
47.0
47.0
39.0
39.0
39.0
43.0
43.0
43.0
43.0
15.0
15.0
15.0
16.0
16.0
16.0
16.0
16.0
16.0
16.0
16.0
16.0
21.0
2.0
2.0
1.0
1.0
1.0
1.0
2.0
2.0
2.0
2.0
11.0
11.0
11.0
11.0
11.0
11.0
11.0
11.0
11.0
11.0
13.0
13.0
13.0
13.0
13.0
13.0
13.0
13.0
13.0
14.0
20.0
20.0
20.0
20.0
20.0
20.0
20.0
20.0
20.0
20.0
10.0
10.0
10.0
10.0
10.0
10.0
10.0
10.0
10.0
10.0
10.0
10.0
10.0
10.0
10.0
10.0
10.0
4.0
4.0
4.0
24.0
24.0
24.0
24.0
24.0
24.0
24.0
24.0
24.0
24.0
7.0
7.0
7.0
7.0
7.0
7.0
8.0
8.0
8.0
8.0
35.0
35.0
35.0
35.0
35.0
35.0
35.0
35.0
36.0
36.0
3.0
3.0
3.0
3.0
3.0
3.0
3.0
3.0
3.0
3.0
23.0
23.0
23.0
23.0
23.0
23.0
23.0
23.0
23.0
23.0
23.0
23.0
23.0
23.0
23.0
23.0
23.0
23.0
23.0
23.0
24.0
24.0
24.0
24.0
24.0
24.0
25.0
25.0
25.0
22.0
49.0
49.0
49.0
49.0
49.0
56.0
56.0
39.0
15.0
15.0
2.0
1.0
1.0
1.0
1.0
1.0
1.0
1.0
1.0
2.0
9.0
9.0
9.0
9.0
9.0
9.0
9.0
9.0
9.0
9.0
4.0
4.0
4.0
2.0
2.0
2.0
2.0
2.0
3.0
3.0
19.0
29.0
29.0
29.0
29.0
29.0
29.0
29.0
29.0
29.0
20.0
20.0
20.0
20.0
20.0
20.0
20.0
20.0
20.0
20.0
24.0
24.0
6.0
6.0
6.0
6.0
6.0
6.0
6.0
6.0
18.0
18.0
18.0
18.0
18.0
18.0
18.0
18.0
18.0
19.0
22.0
22.0
22.0
22.0
10.0
10.0
10.0
11.0
11.0
13.0
7.0
7.0
7.0
7.0
7.0
7.0
10.0
10.0
10.0
10.0
7.0
7.0
7.0
7.0
7.0
7.0
7.0
7.0
7.0
7.0
16.0
16.0
16.0
16.0
16.0
16.0
17.0
17.0
6.0
6.0
30.0
30.0
30.0
30.0
30.0
30.0
30.0
30.0
30.0
30.0
52.0
52.0
52.0
52.0
52.0
52.0
52.0
52.0
52.0
52.0
13.0
13.0
13.0
13.0
14.0
14.0
14.0
14.0
14.0
14.0
2.0
2.0
2.0
2.0
2.0
2.0
2.0
2.0
2.0
2.0
3.0
3.0
3.0
3.0
3.0
3.0
4.0
4.0
4.0
4.0
22.0
22.0
22.0
24.0
24.0
24.0
24.0
5.0
5.0
5.0
31.0
31.0
31.0
31.0
31.0
31.0
31.0
31.0
31.0
31.0
11.0
11.0
11.0
11.0
11.0
11.0
11.0
11.0
11.0
11.0
13.0
13.0
13.0
13.0
13.0
13.0
13.0
13.0
13.0
13.0
41.0
41.0
41.0
41.0
41.0
41.0
41.0
41.0
41.0
41.0
14.0
14.0
14.0
15.0
15.0
15.0
15.0
15.0
15.0
15.0
17.0
17.0
17.0
17.0
17.0
17.0
17.0
17.0
17.0
17.0
38.0
38.0
41.0
41.0
41.0
41.0
41.0
41.0
41.0
41.0
5.0
5.0
5.0
5.0
6.0
6.0
6.0
6.0
7.0
7.0
29.0
29.0
29.0
30.0
30.0
30.0
30.0
30.0
30.0
30.0
21.0
21.0
21.0
21.0
21.0
21.0
21.0
21.0
21.0
21.0
10.0
10.0
10.0
10.0
10.0
10.0
10.0
10.0
10.0
13.0
31.0
31.0
9.0
9.0
9.0
9.0
9.0
9.0
11.0
11.0
11.0
12.0
12.0
12.0
12.0
12.0
12.0
12.0
12.0
12.0
22.0
22.0
22.0
22.0
22.0
22.0
22.0
22.0
22.0
23.0
14.0
14.0
14.0
17.0
17.0
17.0
17.0
17.0
17.0
17.0
24.0
24.0
24.0
24.0
24.0
24.0
24.0
24.0
24.0
24.0
23.0
23.0
27.0
27.0
27.0
27.0
27.0
27.0
27.0
30.0
26.0
26.0
26.0
26.0
26.0
26.0
26.0
26.0
26.0
26.0
36.0
36.0
36.0
36.0
36.0
36.0
36.0
36.0
36.0
36.0
22.0
22.0
23.0
23.0
23.0
23.0
23.0
23.0
23.0
23.0
43.0
43.0
43.0
43.0
43.0
43.0
43.0
43.0
43.0
43.0
38.0
38.0
38.0
38.0
38.0
41.0
41.0
41.0
41.0
41.0
49.0
49.0
49.0
49.0
49.0
49.0
49.0
49.0
59.0
59.0
11.0
11.0
11.0
11.0
11.0
11.0
11.0
12.0
12.0
12.0
9.0
9.0
9.0
9.0
9.0
9.0
9.0
9.0
9.0
13.0
10.0
10.0
10.0
10.0
10.0
10.0
10.0
10.0
10.0
10.0
19.0
19.0
19.0
19.0
19.0
19.0
19.0
19.0
19.0
19.0
15.0
15.0
15.0
15.0
15.0
15.0
17.0
17.0
17.0
17.0
14.0
14.0
14.0
14.0
14.0
14.0
14.0
14.0
14.0
14.0
3.0
3.0
3.0
3.0
3.0
3.0
3.0
3.0
3.0
4.0
26.0
26.0
26.0
26.0
26.0
26.0
26.0
26.0
26.0
26.0
13.0
13.0
13.0
13.0
13.0
13.0
13.0
13.0
13.0
13.0
16.0
16.0
16.0
16.0
16.0
16.0
16.0
16.0
19.0
19.0
31.0
31.0
31.0
31.0
34.0
43.0
43.0
43.0
43.0
43.0
6.0
6.0
6.0
6.0
7.0
7.0
7.0
7.0
7.0
7.0
35.0
35.0
41.0
41.0
42.0
42.0
42.0
42.0
42.0
42.0
20.0
20.0
20.0
20.0
20.0
20.0
20.0
20.0
20.0
20.0
29.0
29.0
29.0
29.0
29.0
29.0
29.0
29.0
29.0
29.0
9.0
9.0
9.0
9.0
9.0
9.0
9.0
12.0
12.0
12.0
8.0
8.0
11.0
11.0
11.0
11.0
12.0
12.0
12.0
12.0
11.0
11.0
11.0
11.0
11.0
11.0
11.0
11.0
11.0
11.0
3.0
2.0
1.0
1.0
1.0
1.0
1.0
1.0
1.0
1.0
36.0
36.0
36.0
36.0
36.0
36.0
36.0
21.0
26.0
26.0
8.0
8.0
8.0
8.0
8.0
8.0
6.0
6.0
6.0
6.0
7.0
7.0
7.0
2.0
2.0
1.0
1.0
1.0
1.0
1.0
3.0
2.0
2.0
2.0
2.0
2.0
2.0
2.0
2.0
2.0
17.0
11.0
11.0
11.0
11.0
11.0
11.0
15.0
15.0
15.0
23.0
23.0
23.0
27.0
28.0
28.0
28.0
28.0
28.0
33.0
27.0
27.0
27.0
28.0
28.0
28.0
28.0
28.0
28.0
28.0
9.0
9.0
9.0
9.0
9.0
9.0
9.0
11.0
11.0
11.0
9.0
3.0
3.0
4.0
4.0
4.0
4.0
4.0
4.0
1.0
13.0
13.0
13.0
13.0
13.0
13.0
13.0
13.0
13.0
13.0
16.0
16.0
19.0
21.0
21.0
21.0
21.0
21.0
21.0
21.0
38.0
38.0
38.0
38.0
24.0
24.0
24.0
24.0
24.0
28.0
9.0
10.0
10.0
10.0
10.0
10.0
10.0
10.0
10.0
10.0
6.0
6.0
6.0
6.0
6.0
6.0
6.0
6.0
6.0
6.0
7.0
7.0
7.0
7.0
5.0
5.0
5.0
5.0
6.0
6.0
12.0
12.0
12.0
12.0
12.0
12.0
12.0
12.0
16.0
16.0
37.0
37.0
37.0
37.0
39.0
39.0
39.0
39.0
39.0
39.0
4.0
4.0
4.0
4.0
4.0
4.0
4.0
4.0
4.0
4.0
26.0
26.0
26.0
26.0
26.0
27.0
27.0
27.0
27.0
36.0
32.0
32.0
32.0
32.0
32.0
32.0
32.0
16.0
16.0
16.0
23.0
23.0
23.0
23.0
23.0
23.0
23.0
23.0
23.0
23.0
23.0
23.0
26.0
26.0
26.0
26.0
26.0
26.0
26.0
26.0
23.0
23.0
23.0
23.0
23.0
23.0
23.0
23.0
23.0
23.0
1.0
1.0
1.0
1.0
1.0
1.0
1.0
1.0
1.0
1.0
3.0
3.0
4.0
4.0
4.0
4.0
4.0
4.0
5.0
5.0
28.0
28.0
28.0
32.0
32.0
32.0
32.0
34.0
34.0
34.0
8.0
8.0
8.0
8.0
8.0
8.0
8.0
8.0
8.0
8.0
25.0
25.0
25.0
25.0
25.0
25.0
25.0
26.0
26.0
26.0
21.0
21.0
21.0
21.0
21.0
21.0
21.0
21.0
21.0
21.0
13.0
13.0
13.0
13.0
13.0
13.0
13.0
13.0
13.0
13.0
21.0
21.0
21.0
30.0
30.0
30.0
30.0
30.0
30.0
30.0
8.0
8.0
8.0
8.0
8.0
8.0
8.0
8.0
8.0
8.0
1.0
1.0
1.0
1.0
1.0
1.0
1.0
1.0
1.0
1.0
16.0
16.0
16.0
16.0
16.0
16.0
22.0
22.0
22.0
22.0
3.0
3.0
3.0
3.0
3.0
3.0
3.0
3.0
3.0
3.0
23.0
30.0
30.0
30.0
36.0
22.0
22.0
22.0
22.0
22.0
19.0
19.0
19.0
19.0
19.0
19.0
19.0
19.0
19.0
19.0
13.0
13.0
13.0
13.0
13.0
13.0
13.0
13.0
13.0
13.0
2.0
2.0
2.0
2.0
2.0
2.0
2.0
2.0
2.0
2.0
14.0
14.0
14.0
14.0
14.0
14.0
14.0
15.0
19.0
19.0
20.0
24.0
24.0
24.0
24.0
24.0
24.0
24.0
24.0
24.0
15.0
15.0
15.0
15.0
15.0
15.0
15.0
15.0
15.0
15.0
10.0
10.0
10.0
10.0
10.0
10.0
10.0
10.0
10.0
10.0
6.0
7.0
7.0
7.0
7.0
7.0
7.0
7.0
7.0
7.0
9.0
9.0
9.0
9.0
11.0
11.0
11.0
11.0
11.0
11.0
38.0
38.0
38.0
38.0
45.0
45.0
45.0
45.0
45.0
45.0
6.0
6.0
6.0
6.0
6.0
6.0
6.0
6.0
6.0
6.0
1.0
1.0
1.0
1.0
1.0
2.0
2.0
2.0
2.0
2.0
35.0
35.0
35.0
35.0
35.0
35.0
46.0
46.0
46.0
46.0
49.0
49.0
49.0
49.0
49.0
49.0
49.0
49.0
49.0
49.0
7.0
6.0
6.0
6.0
6.0
7.0
7.0
9.0
9.0
9.0
45.0
45.0
45.0
45.0
45.0
45.0
45.0
45.0
45.0
45.0
11.0
11.0
11.0
11.0
6.0
6.0
7.0
7.0
7.0
7.0
1.0
1.0
1.0
1.0
1.0
1.0
1.0
1.0
1.0
2.0
26.0
26.0
26.0
28.0
28.0
28.0
28.0
28.0
28.0
28.0
21.0
33.0
33.0
33.0
33.0
33.0
33.0
33.0
33.0
35.0
34.0
34.0
34.0
5.0
5.0
5.0
5.0
5.0
5.0
5.0
32.0
32.0
32.0
32.0
32.0
32.0
32.0
32.0
35.0
35.0
2.0
2.0
2.0
2.0
2.0
2.0
2.0
2.0
1.0
2.0
6.0
6.0
6.0
6.0
6.0
6.0
6.0
6.0
6.0
6.0
13.0
14.0
14.0
15.0
15.0
15.0
15.0
15.0
15.0
15.0
43.0
43.0
43.0
43.0
43.0
43.0
43.0
43.0
43.0
43.0
22.0
22.0
22.0
22.0
22.0
23.0
23.0
23.0
23.0
23.0
16.0
16.0
16.0
17.0
17.0
17.0
17.0
17.0
17.0
17.0
60.0
60.0
60.0
60.0
60.0
60.0
60.0
60.0
60.0
60.0
11.0
11.0
11.0
11.0
11.0
11.0
11.0
11.0
13.0
13.0
17.0
19.0
19.0
19.0
19.0
19.0
19.0
19.0
19.0
19.0
31.0
31.0
31.0
31.0
31.0
31.0
31.0
31.0
31.0
31.0
13.0
14.0
14.0
14.0
14.0
14.0
14.0
14.0
14.0
14.0
8.0
8.0
8.0
8.0
8.0
8.0
8.0
8.0
8.0
8.0
6.0
6.0
6.0
6.0
6.0
6.0
6.0
6.0
6.0
6.0
34.0
34.0
34.0
34.0
34.0
34.0
34.0
34.0
34.0
34.0
24.0
24.0
24.0
24.0
24.0
24.0
24.0
24.0
24.0
28.0
5.0
5.0
5.0
6.0
6.0
6.0
6.0
6.0
6.0
6.0
15.0
15.0
15.0
15.0
15.0
15.0
15.0
15.0
15.0
15.0
36.0
39.0
39.0
39.0
16.0
16.0
16.0
18.0
18.0
18.0
5.0
6.0
6.0
6.0
6.0
6.0
7.0
7.0
7.0
7.0
23.0
23.0
23.0
23.0
23.0
23.0
23.0
23.0
23.0
23.0
13.0
13.0
13.0
13.0
13.0
13.0
13.0
13.0
13.0
13.0
4.0
4.0
4.0
4.0
4.0
4.0
4.0
5.0
5.0
5.0
1.0
1.0
1.0
1.0
1.0
1.0
1.0
1.0
2.0
2.0
3.0
3.0
3.0
3.0
3.0
3.0
3.0
3.0
3.0
3.0
71.0
71.0
71.0
71.0
83.0
83.0
83.0
83.0
83.0
83.0
25.0
25.0
25.0
31.0
31.0
31.0
31.0
31.0
31.0
31.0
29.0
29.0
29.0
29.0
29.0
29.0
29.0
29.0
29.0
29.0
29.0
29.0
29.0
29.0
29.0
29.0
29.0
29.0
29.0
29.0
15.0
16.0
16.0
16.0
16.0
16.0
16.0
16.0
16.0
16.0
32.0
32.0
32.0
32.0
32.0
32.0
32.0
32.0
25.0
25.0
4.0
4.0
4.0
4.0
4.0
4.0
2.0
2.0
2.0
2.0
24.0
24.0
24.0
24.0
24.0
24.0
24.0
24.0
24.0
24.0
33.0
33.0
33.0
33.0
33.0
33.0
33.0
33.0
33.0
33.0
35.0
35.0
35.0
35.0
35.0
35.0
35.0
37.0
37.0
23.0
30.0
30.0
30.0
30.0
30.0
30.0
30.0
30.0
30.0
30.0
11.0
11.0
11.0
13.0
13.0
13.0
13.0
13.0
13.0
13.0
12.0
12.0
16.0
16.0
16.0
16.0
16.0
16.0
16.0
16.0
8.0
8.0
9.0
9.0
9.0
13.0
13.0
13.0
13.0
13.0
11.0
11.0
11.0
13.0
13.0
13.0
13.0
7.0
7.0
7.0
10.0
10.0
10.0
10.0
10.0
10.0
10.0
10.0
10.0
14.0
3.0
3.0
3.0
2.0
2.0
2.0
2.0
2.0
1.0
1.0
18.0
18.0
18.0
18.0
19.0
19.0
19.0
19.0
19.0
19.0
41.0
41.0
41.0
41.0
41.0
41.0
41.0
41.0
41.0
41.0
14.0
14.0
14.0
14.0
14.0
17.0
17.0
17.0
17.0
17.0
8.0
8.0
8.0
8.0
10.0
10.0
10.0
10.0
10.0
10.0
22.0
22.0
22.0
22.0
23.0
23.0
23.0
23.0
28.0
28.0
20.0
20.0
20.0
20.0
20.0
20.0
20.0
20.0
20.0
23.0
10.0
10.0
10.0
10.0
10.0
10.0
10.0
11.0
11.0
11.0
33.0
33.0
33.0
33.0
33.0
33.0
33.0
33.0
48.0
48.0
5.0
5.0
5.0
5.0
5.0
5.0
5.0
5.0
5.0
5.0
34.0
34.0
36.0
42.0
51.0
51.0
51.0
51.0
51.0
51.0
32.0
32.0
32.0
32.0
32.0
32.0
32.0
32.0
32.0
32.0
52.0
52.0
52.0
52.0
64.0
64.0
64.0
64.0
64.0
17.0
14.0
14.0
14.0
14.0
14.0
14.0
14.0
14.0
14.0
14.0
36.0
36.0
36.0
36.0
36.0
36.0
36.0
36.0
36.0
36.0
10.0
10.0
10.0
10.0
10.0
10.0
10.0
10.0
10.0
11.0
