WIN FINALE DIS
40.0
40.0
40.0
40.0
40.0
40.0
40.0
40.0
40.0
40.0
9.0
9.0
9.0
9.0
9.0
9.0
9.0
9.0
9.0
9.0
17.0
17.0
10.0
10.0
10.0
11.0
11.0
11.0
13.0
13.0
30.0
30.0
30.0
30.0
30.0
30.0
30.0
30.0
30.0
30.0
26.0
26.0
27.0
27.0
27.0
27.0
27.0
27.0
30.0
30.0
7.0
7.0
7.0
7.0
7.0
11.0
12.0
12.0
12.0
12.0
5.0
5.0
6.0
6.0
6.0
6.0
6.0
6.0
6.0
6.0
15.0
15.0
15.0
15.0
16.0
16.0
16.0
16.0
16.0
16.0
26.0
26.0
26.0
26.0
26.0
26.0
26.0
26.0
26.0
26.0
28.0
28.0
28.0
28.0
28.0
28.0
28.0
28.0
28.0
28.0
38.0
38.0
38.0
38.0
38.0
38.0
38.0
38.0
38.0
38.0
31.0
31.0
31.0
31.0
31.0
31.0
31.0
31.0
31.0
31.0
10.0
11.0
11.0
11.0
11.0
12.0
12.0
12.0
12.0
12.0
22.0
22.0
22.0
22.0
22.0
22.0
22.0
22.0
22.0
22.0
11.0
11.0
11.0
11.0
11.0
11.0
11.0
11.0
11.0
11.0
10.0
10.0
10.0
10.0
10.0
10.0
10.0
11.0
11.0
11.0
10.0
10.0
10.0
12.0
12.0
12.0
12.0
13.0
13.0
13.0
13.0
13.0
13.0
13.0
13.0
13.0
13.0
13.0
13.0
13.0
17.0
18.0
18.0
18.0
18.0
18.0
18.0
18.0
19.0
19.0
29.0
32.0
32.0
32.0
32.0
32.0
32.0
32.0
32.0
10.0
9.0
9.0
9.0
11.0
11.0
11.0
11.0
11.0
11.0
15.0
34.0
34.0
34.0
34.0
34.0
34.0
34.0
34.0
34.0
34.0
26.0
26.0
26.0
26.0
26.0
26.0
26.0
26.0
26.0
26.0
2.0
2.0
2.0
2.0
2.0
2.0
2.0
2.0
2.0
2.0
13.0
13.0
13.0
13.0
13.0
13.0
13.0
13.0
13.0
13.0
11.0
11.0
11.0
11.0
11.0
11.0
11.0
11.0
11.0
11.0
20.0
23.0
23.0
23.0
23.0
27.0
27.0
27.0
27.0
27.0
7.0
7.0
7.0
7.0
7.0
7.0
7.0
3.0
3.0
3.0
13.0
13.0
13.0
13.0
13.0
13.0
13.0
13.0
13.0
13.0
13.0
13.0
14.0
14.0
15.0
15.0
15.0
15.0
16.0
16.0
28.0
28.0
28.0
28.0
28.0
28.0
28.0
33.0
33.0
33.0
57.0
61.0
61.0
61.0
61.0
61.0
61.0
61.0
61.0
61.0
5.0
1.0
1.0
1.0
1.0
2.0
1.0
1.0
1.0
2.0
21.0
21.0
21.0
21.0
27.0
27.0
27.0
27.0
27.0
27.0
14.0
14.0
14.0
14.0
14.0
16.0
16.0
16.0
17.0
17.0
9.0
9.0
9.0
9.0
9.0
9.0
9.0
5.0
5.0
5.0
11.0
11.0
12.0
12.0
12.0
4.0
5.0
5.0
5.0
5.0
34.0
34.0
34.0
34.0
34.0
34.0
34.0
34.0
34.0
34.0
2.0
2.0
2.0
3.0
3.0
3.0
4.0
4.0
4.0
4.0
9.0
9.0
9.0
9.0
10.0
12.0
12.0
12.0
12.0
12.0
30.0
30.0
30.0
30.0
30.0
30.0
30.0
30.0
30.0
30.0
21.0
21.0
21.0
21.0
21.0
27.0
27.0
27.0
27.0
27.0
62.0
62.0
62.0
62.0
62.0
62.0
68.0
68.0
68.0
68.0
36.0
36.0
36.0
36.0
36.0
36.0
36.0
36.0
36.0
36.0
13.0
13.0
13.0
13.0
7.0
7.0
7.0
7.0
7.0
7.0
44.0
44.0
44.0
44.0
44.0
44.0
44.0
44.0
8.0
8.0
14.0
14.0
14.0
14.0
14.0
14.0
4.0
4.0
4.0
4.0
3.0
3.0
3.0
3.0
3.0
3.0
3.0
3.0
3.0
3.0
1.0
1.0
1.0
1.0
1.0
1.0
2.0
2.0
2.0
2.0
25.0
25.0
25.0
25.0
25.0
25.0
25.0
29.0
29.0
29.0
22.0
22.0
22.0
29.0
29.0
29.0
29.0
29.0
29.0
29.0
35.0
35.0
35.0
35.0
35.0
35.0
40.0
40.0
40.0
40.0
34.0
34.0
34.0
34.0
34.0
34.0
34.0
34.0
34.0
34.0
3.0
3.0
3.0
3.0
3.0
3.0
3.0
3.0
3.0
3.0
32.0
32.0
32.0
32.0
32.0
32.0
32.0
32.0
32.0
32.0
8.0
8.0
8.0
8.0
8.0
8.0
8.0
8.0
8.0
8.0
4.0
4.0
4.0
4.0
4.0
1.0
1.0
1.0
1.0
1.0
11.0
11.0
11.0
11.0
11.0
11.0
11.0
11.0
11.0
11.0
3.0
3.0
3.0
3.0
3.0
3.0
3.0
3.0
1.0
1.0
16.0
16.0
16.0
16.0
16.0
16.0
16.0
17.0
17.0
17.0
3.0
4.0
5.0
5.0
5.0
7.0
7.0
7.0
7.0
7.0
2.0
2.0
2.0
2.0
2.0
2.0
2.0
2.0
2.0
2.0
10.0
10.0
10.0
10.0
10.0
10.0
10.0
10.0
10.0
4.0
16.0
16.0
16.0
16.0
16.0
16.0
17.0
17.0
17.0
17.0
18.0
18.0
18.0
18.0
18.0
18.0
18.0
18.0
18.0
18.0
7.0
7.0
7.0
8.0
8.0
8.0
10.0
10.0
11.0
11.0
28.0
28.0
28.0
30.0
30.0
30.0
30.0
30.0
30.0
30.0
34.0
34.0
34.0
34.0
34.0
34.0
34.0
35.0
35.0
36.0
22.0
22.0
22.0
22.0
28.0
28.0
28.0
28.0
28.0
28.0
24.0
24.0
24.0
24.0
24.0
28.0
28.0
28.0
28.0
28.0
35.0
35.0
35.0
35.0
35.0
35.0
35.0
39.0
39.0
39.0
18.0
18.0
18.0
18.0
18.0
18.0
19.0
19.0
19.0
19.0
26.0
26.0
26.0
34.0
34.0
34.0
34.0
34.0
34.0
34.0
7.0
7.0
7.0
7.0
7.0
7.0
7.0
7.0
7.0
7.0
28.0
29.0
29.0
29.0
29.0
29.0
29.0
29.0
29.0
29.0
8.0
8.0
8.0
8.0
9.0
9.0
9.0
9.0
10.0
10.0
5.0
5.0
5.0
5.0
5.0
5.0
5.0
6.0
6.0
6.0
8.0
8.0
8.0
8.0
8.0
8.0
8.0
8.0
8.0
8.0
15.0
10.0
10.0
10.0
10.0
10.0
10.0
10.0
11.0
11.0
7.0
7.0
7.0
7.0
7.0
7.0
7.0
7.0
8.0
8.0
15.0
15.0
15.0
15.0
15.0
15.0
15.0
15.0
15.0
15.0
19.0
19.0
19.0
19.0
19.0
14.0
14.0
14.0
14.0
14.0
8.0
8.0
8.0
8.0
8.0
8.0
8.0
8.0
8.0
8.0
30.0
30.0
30.0
33.0
33.0
33.0
33.0
33.0
33.0
39.0
10.0
10.0
10.0
10.0
10.0
10.0
10.0
10.0
10.0
10.0
25.0
25.0
25.0
25.0
25.0
25.0
25.0
33.0
33.0
33.0
34.0
34.0
34.0
34.0
37.0
37.0
37.0
37.0
37.0
37.0
8.0
8.0
5.0
6.0
6.0
6.0
6.0
6.0
6.0
6.0
14.0
14.0
14.0
11.0
11.0
11.0
11.0
11.0
11.0
11.0
16.0
16.0
16.0
16.0
18.0
18.0
18.0
18.0
18.0
18.0
18.0
18.0
18.0
18.0
18.0
18.0
18.0
18.0
18.0
18.0
7.0
7.0
7.0
7.0
7.0
4.0
4.0
4.0
4.0
4.0
31.0
31.0
31.0
31.0
31.0
31.0
31.0
31.0
31.0
24.0
13.0
13.0
7.0
7.0
7.0
8.0
8.0
8.0
5.0
5.0
11.0
11.0
11.0
11.0
11.0
11.0
11.0
14.0
14.0
14.0
18.0
18.0
18.0
19.0
19.0
19.0
19.0
19.0
19.0
19.0
26.0
4.0
4.0
4.0
4.0
4.0
4.0
4.0
4.0
4.0
5.0
5.0
5.0
5.0
5.0
5.0
5.0
6.0
6.0
6.0
33.0
33.0
33.0
33.0
33.0
33.0
33.0
33.0
33.0
33.0
24.0
24.0
31.0
31.0
31.0
31.0
31.0
31.0
42.0
42.0
20.0
20.0
20.0
20.0
20.0
20.0
20.0
20.0
20.0
20.0
33.0
33.0
33.0
33.0
33.0
33.0
33.0
33.0
33.0
33.0
43.0
43.0
43.0
43.0
43.0
43.0
43.0
48.0
58.0
69.0
34.0
34.0
34.0
34.0
34.0
34.0
34.0
34.0
36.0
36.0
3.0
3.0
3.0
4.0
3.0
3.0
3.0
3.0
3.0
4.0
3.0
3.0
3.0
4.0
4.0
4.0
4.0
5.0
5.0
5.0
1.0
1.0
1.0
1.0
1.0
1.0
2.0
2.0
2.0
2.0
22.0
22.0
22.0
22.0
22.0
9.0
9.0
9.0
9.0
5.0
9.0
11.0
11.0
11.0
12.0
12.0
12.0
12.0
12.0
12.0
32.0
32.0
32.0
32.0
32.0
32.0
32.0
32.0
32.0
32.0
32.0
32.0
32.0
33.0
33.0
33.0
33.0
33.0
33.0
33.0
36.0
36.0
36.0
36.0
36.0
36.0
36.0
36.0
36.0
36.0
12.0
8.0
8.0
8.0
8.0
8.0
8.0
8.0
8.0
8.0
22.0
22.0
22.0
22.0
22.0
22.0
22.0
22.0
22.0
22.0
39.0
39.0
39.0
39.0
39.0
39.0
39.0
39.0
39.0
39.0
25.0
25.0
27.0
27.0
27.0
27.0
27.0
27.0
27.0
27.0
10.0
10.0
10.0
10.0
10.0
11.0
11.0
11.0
11.0
11.0
23.0
23.0
23.0
23.0
26.0
26.0
26.0
26.0
26.0
26.0
42.0
42.0
42.0
42.0
42.0
42.0
42.0
42.0
42.0
42.0
43.0
43.0
43.0
43.0
43.0
55.0
55.0
55.0
55.0
55.0
4.0
4.0
4.0
4.0
5.0
5.0
5.0
5.0
5.0
5.0
52.0
52.0
36.0
36.0
36.0
36.0
36.0
36.0
36.0
36.0
3.0
3.0
3.0
3.0
3.0
3.0
3.0
3.0
3.0
3.0
7.0
7.0
7.0
8.0
8.0
9.0
9.0
9.0
9.0
10.0
18.0
18.0
18.0
18.0
18.0
18.0
18.0
18.0
18.0
18.0
9.0
9.0
9.0
9.0
3.0
3.0
3.0
3.0
3.0
3.0
28.0
28.0
28.0
28.0
28.0
28.0
28.0
33.0
33.0
33.0
7.0
1.0
1.0
1.0
1.0
1.0
1.0
1.0
1.0
1.0
6.0
6.0
6.0
6.0
6.0
7.0
7.0
7.0
7.0
7.0
35.0
35.0
35.0
37.0
37.0
37.0
37.0
37.0
39.0
39.0
18.0
18.0
18.0
18.0
18.0
18.0
24.0
24.0
24.0
24.0
35.0
35.0
35.0
35.0
35.0
38.0
38.0
38.0
38.0
38.0
7.0
8.0
12.0
13.0
16.0
16.0
6.0
3.0
3.0
1.0
13.0
16.0
16.0
16.0
16.0
16.0
16.0
16.0
16.0
16.0
7.0
7.0
7.0
7.0
7.0
7.0
7.0
7.0
7.0
7.0
16.0
16.0
16.0
16.0
16.0
16.0
16.0
16.0
16.0
16.0
22.0
22.0
24.0
24.0
24.0
24.0
24.0
24.0
24.0
24.0
11.0
11.0
11.0
11.0
11.0
11.0
11.0
11.0
11.0
11.0
26.0
9.0
9.0
9.0
9.0
9.0
9.0
9.0
9.0
9.0
57.0
57.0
57.0
57.0
57.0
57.0
57.0
57.0
57.0
57.0
20.0
20.0
20.0
6.0
7.0
7.0
7.0
7.0
7.0
7.0
9.0
9.0
9.0
9.0
9.0
9.0
9.0
9.0
9.0
9.0
5.0
5.0
5.0
5.0
5.0
5.0
5.0
6.0
6.0
6.0
13.0
13.0
13.0
13.0
13.0
13.0
13.0
13.0
13.0
13.0
41.0
41.0
41.0
41.0
41.0
41.0
41.0
41.0
41.0
41.0
7.0
8.0
3.0
3.0
3.0
3.0
3.0
3.0
4.0
4.0
25.0
25.0
25.0
42.0
42.0
42.0
42.0
42.0
8.0
3.0
11.0
13.0
13.0
13.0
6.0
6.0
6.0
6.0
6.0
6.0
28.0
28.0
28.0
28.0
17.0
17.0
17.0
17.0
17.0
17.0
3.0
3.0
3.0
3.0
3.0
3.0
3.0
3.0
3.0
3.0
8.0
8.0
2.0
2.0
2.0
2.0
2.0
2.0
2.0
2.0
25.0
25.0
18.0
6.0
6.0
6.0
6.0
6.0
6.0
6.0
18.0
18.0
18.0
18.0
18.0
18.0
20.0
20.0
20.0
20.0
24.0
24.0
24.0
24.0
24.0
26.0
26.0
27.0
19.0
19.0
57.0
57.0
57.0
57.0
57.0
57.0
57.0
60.0
60.0
72.0
29.0
15.0
15.0
15.0
15.0
15.0
15.0
15.0
18.0
18.0
4.0
4.0
4.0
4.0
4.0
4.0
4.0
4.0
4.0
6.0
39.0
39.0
39.0
39.0
39.0
39.0
39.0
39.0
39.0
39.0
9.0
9.0
9.0
9.0
9.0
9.0
9.0
9.0
9.0
9.0
32.0
32.0
32.0
32.0
32.0
32.0
32.0
32.0
9.0
9.0
4.0
4.0
4.0
4.0
1.0
1.0
1.0
1.0
1.0
1.0
9.0
10.0
10.0
10.0
10.0
10.0
10.0
10.0
10.0
10.0
13.0
13.0
13.0
14.0
14.0
14.0
14.0
14.0
14.0
14.0
6.0
6.0
6.0
6.0
6.0
7.0
7.0
7.0
7.0
9.0
22.0
22.0
22.0
22.0
22.0
22.0
22.0
22.0
22.0
22.0
34.0
34.0
34.0
34.0
18.0
18.0
18.0
18.0
18.0
19.0
37.0
37.0
37.0
39.0
39.0
39.0
20.0
20.0
20.0
20.0
23.0
23.0
23.0
23.0
23.0
23.0
23.0
23.0
23.0
23.0
15.0
15.0
15.0
15.0
15.0
15.0
15.0
15.0
15.0
15.0
16.0
16.0
16.0
16.0
16.0
16.0
16.0
16.0
16.0
16.0
10.0
10.0
10.0
10.0
10.0
10.0
10.0
10.0
10.0
10.0
27.0
27.0
27.0
27.0
27.0
27.0
27.0
27.0
27.0
32.0
18.0
18.0
18.0
18.0
18.0
18.0
19.0
19.0
19.0
19.0
23.0
23.0
23.0
23.0
23.0
23.0
23.0
23.0
23.0
23.0
16.0
16.0
16.0
16.0
16.0
16.0
16.0
16.0
16.0
16.0
20.0
20.0
20.0
20.0
20.0
20.0
20.0
20.0
20.0
20.0
29.0
29.0
29.0
29.0
29.0
29.0
29.0
29.0
29.0
29.0
39.0
39.0
39.0
41.0
41.0
41.0
41.0
41.0
41.0
41.0
34.0
34.0
34.0
34.0
34.0
34.0
34.0
34.0
34.0
42.0
13.0
13.0
13.0
13.0
13.0
13.0
13.0
13.0
13.0
13.0
22.0
22.0
22.0
26.0
26.0
26.0
26.0
26.0
26.0
26.0
9.0
9.0
9.0
9.0
9.0
11.0
11.0
11.0
11.0
11.0
33.0
33.0
33.0
34.0
34.0
34.0
34.0
34.0
34.0
40.0
12.0
12.0
12.0
12.0
12.0
12.0
12.0
12.0
12.0
12.0
7.0
7.0
7.0
7.0
7.0
7.0
7.0
7.0
7.0
7.0
35.0
40.0
49.0
50.0
33.0
35.0
37.0
37.0
37.0
37.0
8.0
8.0
8.0
8.0
9.0
9.0
9.0
11.0
11.0
11.0
3.0
3.0
3.0
3.0
4.0
4.0
4.0
4.0
6.0
6.0
13.0
13.0
13.0
13.0
14.0
14.0
14.0
14.0
14.0
14.0
29.0
29.0
29.0
29.0
29.0
29.0
29.0
29.0
30.0
30.0
31.0
31.0
31.0
31.0
31.0
31.0
31.0
52.0
52.0
53.0
28.0
28.0
28.0
28.0
28.0
28.0
28.0
28.0
28.0
28.0
53.0
53.0
53.0
53.0
53.0
62.0
62.0
62.0
62.0
62.0
14.0
14.0
14.0
14.0
14.0
14.0
15.0
15.0
15.0
15.0
35.0
35.0
35.0
35.0
35.0
35.0
42.0
42.0
42.0
12.0
28.0
28.0
28.0
28.0
28.0
28.0
28.0
28.0
28.0
28.0
13.0
13.0
13.0
13.0
13.0
15.0
15.0
15.0
15.0
15.0
38.0
38.0
38.0
38.0
38.0
38.0
38.0
38.0
38.0
38.0
31.0
31.0
31.0
31.0
31.0
31.0
31.0
31.0
31.0
35.0
24.0
24.0
32.0
32.0
34.0
34.0
42.0
43.0
43.0
43.0
22.0
22.0
22.0
22.0
22.0
27.0
27.0
27.0
27.0
27.0
14.0
14.0
14.0
14.0
14.0
14.0
14.0
14.0
14.0
14.0
29.0
29.0
29.0
29.0
29.0
29.0
29.0
29.0
29.0
29.0
21.0
21.0
21.0
21.0
25.0
25.0
25.0
25.0
25.0
25.0
17.0
17.0
17.0
17.0
17.0
17.0
17.0
17.0
17.0
17.0
6.0
4.0
4.0
4.0
4.0
4.0
4.0
4.0
4.0
4.0
3.0
3.0
3.0
3.0
3.0
3.0
3.0
3.0
3.0
3.0
3.0
4.0
4.0
4.0
4.0
4.0
4.0
4.0
4.0
2.0
14.0
14.0
14.0
18.0
18.0
18.0
18.0
23.0
23.0
23.0
24.0
24.0
24.0
24.0
24.0
28.0
18.0
18.0
18.0
18.0
23.0
23.0
23.0
23.0
23.0
27.0
27.0
36.0
36.0
36.0
18.0
18.0
18.0
18.0
29.0
29.0
30.0
33.0
33.0
33.0
2.0
2.0
2.0
2.0
2.0
1.0
1.0
1.0
1.0
1.0
12.0
12.0
12.0
12.0
12.0
12.0
12.0
12.0
12.0
12.0
5.0
5.0
5.0
5.0
5.0
7.0
7.0
3.0
3.0
3.0
22.0
22.0
22.0
22.0
22.0
22.0
23.0
8.0
8.0
8.0
15.0
15.0
18.0
18.0
7.0
7.0
7.0
7.0
7.0
7.0
8.0
8.0
8.0
8.0
8.0
8.0
8.0
8.0
8.0
8.0
14.0
14.0
14.0
14.0
14.0
14.0
14.0
14.0
14.0
14.0
29.0
29.0
29.0
29.0
29.0
29.0
29.0
29.0
29.0
29.0
28.0
28.0
15.0
15.0
15.0
15.0
15.0
15.0
15.0
15.0
36.0
36.0
36.0
36.0
37.0
37.0
8.0
8.0
8.0
8.0
15.0
15.0
15.0
15.0
15.0
15.0
18.0
18.0
18.0
18.0
12.0
12.0
12.0
12.0
12.0
12.0
12.0
14.0
14.0
14.0
30.0
30.0
30.0
30.0
30.0
30.0
30.0
30.0
30.0
30.0
24.0
24.0
24.0
24.0
24.0
24.0
24.0
24.0
24.0
24.0
18.0
18.0
18.0
18.0
18.0
18.0
18.0
18.0
18.0
18.0
3.0
3.0
3.0
3.0
4.0
4.0
4.0
4.0
4.0
4.0
5.0
5.0
5.0
5.0
2.0
2.0
2.0
2.0
2.0
2.0
12.0
12.0
12.0
12.0
12.0
12.0
12.0
12.0
12.0
12.0
23.0
23.0
23.0
23.0
23.0
23.0
23.0
23.0
23.0
23.0
6.0
6.0
6.0
6.0
6.0
6.0
6.0
6.0
6.0
6.0
16.0
16.0
16.0
16.0
16.0
16.0
16.0
16.0
16.0
16.0
25.0
25.0
25.0
25.0
25.0
25.0
25.0
25.0
25.0
25.0
21.0
21.0
21.0
21.0
21.0
21.0
21.0
21.0
21.0
21.0
44.0
44.0
44.0
44.0
44.0
44.0
44.0
44.0
44.0
53.0
20.0
20.0
20.0
20.0
20.0
20.0
20.0
20.0
20.0
20.0
27.0
27.0
27.0
27.0
27.0
27.0
27.0
27.0
27.0
27.0
16.0
16.0
16.0
18.0
18.0
8.0
9.0
9.0
9.0
9.0
26.0
26.0
26.0
26.0
26.0
26.0
26.0
26.0
28.0
28.0
21.0
21.0
21.0
21.0
21.0
26.0
26.0
26.0
26.0
26.0
13.0
13.0
13.0
13.0
13.0
14.0
17.0
17.0
17.0
17.0
37.0
37.0
37.0
37.0
37.0
37.0
37.0
37.0
37.0
37.0
29.0
29.0
29.0
29.0
29.0
29.0
12.0
12.0
12.0
12.0
10.0
10.0
10.0
10.0
10.0
10.0
10.0
10.0
10.0
10.0
23.0
23.0
27.0
27.0
27.0
27.0
27.0
27.0
27.0
27.0
29.0
20.0
20.0
20.0
20.0
20.0
20.0
20.0
20.0
20.0
10.0
10.0
10.0
10.0
10.0
10.0
10.0
10.0
10.0
10.0
29.0
29.0
29.0
29.0
29.0
29.0
29.0
29.0
29.0
29.0
39.0
40.0
40.0
40.0
40.0
40.0
51.0
51.0
51.0
51.0
