WIN FINALE DIS
23.0
23.0
23.0
23.0
24.0
24.0
24.0
24.0
24.0
24.0
17.0
17.0
17.0
23.0
11.0
11.0
11.0
11.0
11.0
13.0
7.0
7.0
7.0
7.0
7.0
7.0
7.0
7.0
7.0
7.0
28.0
28.0
28.0
28.0
28.0
28.0
28.0
28.0
28.0
28.0
42.0
42.0
42.0
63.0
63.0
63.0
63.0
63.0
63.0
63.0
13.0
13.0
13.0
13.0
13.0
13.0
13.0
13.0
13.0
13.0
11.0
11.0
11.0
11.0
11.0
14.0
14.0
14.0
14.0
14.0
3.0
3.0
3.0
3.0
3.0
3.0
3.0
3.0
3.0
3.0
17.0
17.0
17.0
17.0
17.0
17.0
17.0
17.0
17.0
17.0
37.0
38.0
11.0
11.0
11.0
11.0
11.0
11.0
4.0
4.0
7.0
7.0
7.0
7.0
7.0
7.0
8.0
10.0
10.0
10.0
7.0
7.0
7.0
7.0
7.0
7.0
7.0
7.0
7.0
7.0
65.0
65.0
65.0
65.0
65.0
65.0
65.0
65.0
65.0
65.0
8.0
8.0
8.0
8.0
8.0
8.0
8.0
8.0
8.0
8.0
19.0
19.0
19.0
19.0
19.0
19.0
19.0
19.0
19.0
19.0
22.0
22.0
22.0
22.0
22.0
22.0
22.0
22.0
22.0
22.0
12.0
12.0
12.0
12.0
12.0
12.0
12.0
12.0
12.0
12.0
9.0
9.0
10.0
11.0
11.0
11.0
11.0
11.0
12.0
12.0
33.0
34.0
34.0
45.0
45.0
45.0
45.0
45.0
49.0
53.0
20.0
20.0
20.0
20.0
20.0
20.0
20.0
20.0
20.0
20.0
7.0
7.0
7.0
7.0
7.0
7.0
7.0
7.0
7.0
7.0
22.0
22.0
22.0
22.0
22.0
22.0
22.0
22.0
22.0
22.0
4.0
4.0
4.0
4.0
4.0
4.0
4.0
4.0
4.0
1.0
31.0
22.0
22.0
22.0
22.0
22.0
22.0
22.0
22.0
22.0
13.0
13.0
13.0
13.0
13.0
8.0
8.0
8.0
8.0
8.0
3.0
3.0
3.0
3.0
3.0
3.0
3.0
3.0
3.0
4.0
27.0
27.0
27.0
27.0
27.0
27.0
27.0
27.0
28.0
28.0
33.0
33.0
33.0
33.0
33.0
33.0
33.0
33.0
33.0
42.0
39.0
39.0
39.0
39.0
39.0
42.0
30.0
30.0
30.0
30.0
19.0
19.0
19.0
19.0
19.0
19.0
19.0
6.0
6.0
6.0
28.0
28.0
28.0
28.0
28.0
28.0
30.0
30.0
34.0
34.0
6.0
6.0
6.0
6.0
6.0
6.0
7.0
7.0
6.0
6.0
18.0
14.0
14.0
14.0
15.0
10.0
10.0
10.0
10.0
10.0
21.0
21.0
21.0
21.0
21.0
21.0
21.0
21.0
21.0
21.0
8.0
9.0
9.0
9.0
9.0
9.0
9.0
9.0
9.0
9.0
25.0
25.0
25.0
30.0
30.0
30.0
30.0
30.0
30.0
30.0
6.0
6.0
7.0
7.0
7.0
7.0
7.0
7.0
7.0
7.0
21.0
21.0
21.0
21.0
21.0
21.0
21.0
21.0
29.0
29.0
10.0
10.0
10.0
10.0
10.0
10.0
10.0
10.0
4.0
4.0
11.0
11.0
11.0
11.0
11.0
11.0
11.0
11.0
11.0
13.0
30.0
30.0
30.0
30.0
30.0
30.0
31.0
31.0
31.0
31.0
10.0
10.0
10.0
10.0
10.0
10.0
10.0
10.0
10.0
10.0
9.0
9.0
9.0
7.0
7.0
7.0
7.0
7.0
7.0
7.0
27.0
27.0
27.0
27.0
27.0
27.0
27.0
27.0
27.0
29.0
13.0
13.0
13.0
13.0
13.0
13.0
18.0
18.0
18.0
18.0
7.0
7.0
7.0
7.0
7.0
7.0
7.0
7.0
7.0
7.0
3.0
3.0
3.0
3.0
3.0
4.0
5.0
5.0
2.0
2.0
13.0
13.0
13.0
13.0
13.0
13.0
13.0
13.0
13.0
13.0
29.0
29.0
29.0
37.0
37.0
37.0
37.0
37.0
37.0
37.0
30.0
30.0
30.0
30.0
30.0
30.0
37.0
37.0
37.0
37.0
12.0
12.0
15.0
17.0
17.0
17.0
17.0
17.0
17.0
17.0
13.0
13.0
13.0
13.0
13.0
13.0
13.0
5.0
5.0
5.0
22.0
22.0
22.0
24.0
24.0
38.0
44.0
44.0
44.0
44.0
18.0
18.0
18.0
18.0
18.0
18.0
18.0
18.0
18.0
18.0
9.0
9.0
9.0
9.0
9.0
9.0
9.0
9.0
9.0
9.0
5.0
5.0
5.0
5.0
5.0
5.0
5.0
5.0
5.0
5.0
45.0
45.0
45.0
45.0
45.0
55.0
55.0
62.0
62.0
62.0
22.0
22.0
22.0
22.0
22.0
22.0
22.0
22.0
22.0
22.0
15.0
15.0
15.0
15.0
15.0
15.0
15.0
15.0
15.0
15.0
25.0
25.0
25.0
26.0
26.0
26.0
26.0
26.0
26.0
26.0
16.0
16.0
16.0
16.0
18.0
18.0
18.0
18.0
18.0
18.0
5.0
5.0
5.0
5.0
5.0
5.0
5.0
5.0
5.0
5.0
18.0
18.0
18.0
18.0
18.0
18.0
18.0
18.0
18.0
18.0
24.0
24.0
24.0
32.0
32.0
32.0
32.0
32.0
32.0
32.0
42.0
42.0
42.0
42.0
42.0
42.0
42.0
42.0
42.0
42.0
10.0
10.0
10.0
10.0
10.0
10.0
11.0
11.0
11.0
11.0
21.0
7.0
7.0
7.0
2.0
2.0
2.0
2.0
2.0
2.0
10.0
10.0
10.0
10.0
10.0
10.0
10.0
10.0
10.0
10.0
36.0
36.0
36.0
40.0
40.0
40.0
40.0
40.0
40.0
40.0
10.0
10.0
10.0
10.0
10.0
10.0
10.0
10.0
10.0
10.0
25.0
25.0
25.0
25.0
25.0
25.0
25.0
25.0
25.0
25.0
16.0
16.0
16.0
16.0
16.0
18.0
18.0
20.0
20.0
20.0
46.0
56.0
64.0
67.0
72.0
72.0
72.0
72.0
85.0
85.0
19.0
19.0
19.0
19.0
19.0
19.0
19.0
19.0
19.0
19.0
9.0
9.0
9.0
9.0
9.0
9.0
9.0
9.0
9.0
9.0
22.0
22.0
22.0
22.0
22.0
22.0
25.0
29.0
29.0
29.0
23.0
23.0
23.0
30.0
30.0
30.0
30.0
30.0
30.0
32.0
14.0
14.0
14.0
14.0
14.0
14.0
14.0
14.0
14.0
14.0
38.0
38.0
38.0
38.0
38.0
38.0
38.0
38.0
38.0
26.0
18.0
18.0
18.0
18.0
18.0
18.0
18.0
18.0
18.0
18.0
43.0
43.0
29.0
29.0
16.0
16.0
16.0
16.0
16.0
16.0
24.0
24.0
24.0
24.0
24.0
24.0
24.0
24.0
24.0
27.0
4.0
5.0
5.0
5.0
5.0
5.0
5.0
5.0
5.0
5.0
26.0
27.0
27.0
27.0
27.0
27.0
27.0
27.0
27.0
27.0
24.0
24.0
24.0
24.0
24.0
24.0
24.0
24.0
24.0
24.0
2.0
2.0
1.0
2.0
2.0
2.0
3.0
3.0
3.0
3.0
9.0
9.0
9.0
9.0
9.0
9.0
9.0
9.0
9.0
9.0
4.0
4.0
4.0
4.0
4.0
4.0
4.0
4.0
4.0
4.0
33.0
33.0
33.0
33.0
33.0
33.0
33.0
33.0
33.0
33.0
27.0
27.0
27.0
27.0
27.0
27.0
27.0
27.0
27.0
27.0
2.0
2.0
2.0
1.0
1.0
1.0
1.0
1.0
1.0
1.0
29.0
29.0
29.0
29.0
29.0
29.0
29.0
29.0
12.0
12.0
15.0
15.0
15.0
15.0
15.0
15.0
15.0
15.0
15.0
15.0
33.0
33.0
33.0
33.0
33.0
33.0
33.0
33.0
33.0
37.0
22.0
22.0
22.0
22.0
22.0
22.0
22.0
22.0
22.0
22.0
11.0
11.0
11.0
11.0
11.0
11.0
11.0
11.0
11.0
11.0
34.0
34.0
34.0
34.0
34.0
34.0
34.0
36.0
36.0
36.0
2.0
3.0
4.0
4.0
4.0
4.0
4.0
2.0
2.0
2.0
5.0
5.0
5.0
5.0
5.0
5.0
5.0
5.0
5.0
5.0
29.0
29.0
29.0
29.0
29.0
29.0
29.0
29.0
29.0
29.0
12.0
12.0
12.0
12.0
12.0
12.0
15.0
15.0
15.0
15.0
13.0
13.0
13.0
13.0
13.0
13.0
13.0
13.0
13.0
13.0
29.0
29.0
29.0
29.0
29.0
29.0
29.0
29.0
29.0
31.0
32.0
32.0
32.0
41.0
41.0
42.0
42.0
42.0
42.0
42.0
1.0
1.0
2.0
2.0
2.0
2.0
2.0
2.0
2.0
2.0
44.0
44.0
44.0
44.0
44.0
44.0
44.0
44.0
44.0
44.0
3.0
3.0
3.0
3.0
3.0
3.0
3.0
3.0
3.0
3.0
19.0
19.0
19.0
19.0
10.0
10.0
10.0
10.0
10.0
10.0
27.0
27.0
27.0
27.0
27.0
32.0
32.0
32.0
32.0
32.0
38.0
38.0
38.0
38.0
38.0
38.0
40.0
40.0
40.0
23.0
9.0
9.0
9.0
9.0
9.0
9.0
10.0
10.0
10.0
10.0
16.0
16.0
16.0
16.0
16.0
16.0
16.0
16.0
16.0
16.0
30.0
30.0
30.0
30.0
30.0
30.0
30.0
33.0
33.0
33.0
38.0
38.0
38.0
38.0
38.0
38.0
21.0
21.0
21.0
21.0
13.0
16.0
7.0
7.0
7.0
7.0
4.0
4.0
4.0
4.0
16.0
16.0
16.0
16.0
16.0
16.0
16.0
16.0
16.0
16.0
14.0
14.0
14.0
14.0
14.0
14.0
14.0
14.0
14.0
14.0
19.0
22.0
22.0
22.0
23.0
23.0
23.0
23.0
23.0
23.0
15.0
15.0
15.0
15.0
18.0
18.0
18.0
18.0
18.0
18.0
23.0
23.0
23.0
23.0
26.0
38.0
38.0
38.0
38.0
38.0
23.0
23.0
23.0
23.0
23.0
23.0
26.0
26.0
26.0
26.0
13.0
13.0
13.0
13.0
13.0
13.0
13.0
13.0
13.0
13.0
33.0
33.0
33.0
33.0
33.0
33.0
33.0
33.0
33.0
33.0
10.0
10.0
10.0
10.0
10.0
10.0
10.0
10.0
10.0
10.0
14.0
14.0
14.0
14.0
5.0
5.0
5.0
5.0
5.0
5.0
30.0
30.0
30.0
30.0
30.0
30.0
30.0
30.0
30.0
30.0
30.0
30.0
30.0
30.0
30.0
30.0
30.0
30.0
30.0
30.0
58.0
58.0
58.0
58.0
58.0
58.0
58.0
58.0
58.0
58.0
13.0
13.0
13.0
13.0
13.0
13.0
13.0
13.0
13.0
13.0
9.0
9.0
9.0
9.0
9.0
9.0
9.0
9.0
9.0
9.0
38.0
38.0
38.0
38.0
38.0
38.0
38.0
38.0
19.0
19.0
12.0
12.0
12.0
12.0
12.0
12.0
12.0
12.0
12.0
12.0
13.0
13.0
13.0
13.0
13.0
13.0
13.0
13.0
13.0
13.0
30.0
30.0
30.0
30.0
30.0
30.0
30.0
30.0
30.0
30.0
2.0
2.0
2.0
2.0
1.0
1.0
1.0
1.0
1.0
1.0
13.0
3.0
3.0
3.0
3.0
1.0
1.0
1.0
1.0
1.0
9.0
9.0
9.0
9.0
9.0
9.0
9.0
9.0
9.0
9.0
8.0
8.0
8.0
8.0
8.0
8.0
8.0
8.0
8.0
8.0
26.0
26.0
26.0
26.0
26.0
26.0
26.0
26.0
26.0
26.0
53.0
53.0
53.0
53.0
53.0
53.0
53.0
53.0
53.0
53.0
23.0
23.0
23.0
23.0
23.0
23.0
23.0
23.0
23.0
23.0
20.0
21.0
21.0
21.0
21.0
8.0
8.0
8.0
8.0
9.0
23.0
23.0
23.0
23.0
13.0
13.0
13.0
13.0
13.0
13.0
9.0
9.0
10.0
10.0
10.0
10.0
10.0
10.0
10.0
10.0
15.0
15.0
15.0
15.0
15.0
15.0
17.0
17.0
17.0
17.0
24.0
24.0
24.0
29.0
29.0
29.0
29.0
29.0
29.0
34.0
8.0
8.0
8.0
8.0
8.0
8.0
8.0
8.0
8.0
8.0
32.0
32.0
32.0
32.0
32.0
32.0
32.0
32.0
32.0
32.0
27.0
27.0
27.0
27.0
27.0
27.0
27.0
28.0
28.0
28.0
12.0
13.0
13.0
13.0
13.0
8.0
8.0
8.0
8.0
9.0
11.0
11.0
11.0
11.0
11.0
11.0
7.0
7.0
7.0
7.0
36.0
36.0
36.0
36.0
36.0
36.0
39.0
39.0
46.0
46.0
10.0
10.0
10.0
12.0
12.0
12.0
12.0
12.0
12.0
13.0
32.0
32.0
32.0
32.0
11.0
11.0
11.0
11.0
11.0
11.0
41.0
41.0
41.0
41.0
41.0
43.0
43.0
43.0
43.0
43.0
9.0
9.0
9.0
9.0
9.0
9.0
9.0
9.0
9.0
9.0
24.0
24.0
27.0
27.0
27.0
27.0
27.0
27.0
30.0
30.0
9.0
9.0
9.0
10.0
10.0
10.0
10.0
10.0
11.0
11.0
7.0
7.0
7.0
7.0
7.0
7.0
7.0
7.0
7.0
7.0
11.0
11.0
11.0
11.0
11.0
13.0
13.0
13.0
13.0
13.0
20.0
20.0
20.0
20.0
20.0
21.0
21.0
21.0
21.0
21.0
6.0
6.0
3.0
2.0
2.0
2.0
2.0
2.0
2.0
2.0
9.0
3.0
3.0
3.0
3.0
3.0
3.0
3.0
3.0
3.0
16.0
16.0
16.0
16.0
16.0
16.0
16.0
16.0
16.0
16.0
25.0
25.0
25.0
25.0
25.0
25.0
25.0
28.0
28.0
32.0
25.0
25.0
25.0
25.0
25.0
25.0
12.0
12.0
13.0
13.0
23.0
23.0
23.0
23.0
23.0
23.0
23.0
7.0
7.0
7.0
45.0
45.0
45.0
45.0
45.0
23.0
23.0
26.0
26.0
26.0
8.0
8.0
9.0
9.0
9.0
9.0
9.0
9.0
9.0
9.0
9.0
9.0
9.0
9.0
12.0
12.0
12.0
12.0
12.0
12.0
23.0
23.0
23.0
23.0
14.0
20.0
20.0
20.0
20.0
20.0
6.0
3.0
3.0
3.0
3.0
3.0
3.0
3.0
3.0
3.0
12.0
12.0
12.0
12.0
12.0
12.0
12.0
8.0
8.0
8.0
12.0
12.0
7.0
7.0
7.0
7.0
7.0
7.0
7.0
7.0
19.0
19.0
19.0
19.0
19.0
19.0
19.0
19.0
19.0
19.0
9.0
9.0
9.0
9.0
10.0
10.0
10.0
10.0
10.0
10.0
31.0
31.0
31.0
31.0
31.0
31.0
31.0
31.0
33.0
33.0
8.0
8.0
8.0
8.0
9.0
9.0
9.0
9.0
9.0
9.0
1.0
1.0
1.0
1.0
2.0
2.0
2.0
2.0
2.0
2.0
15.0
15.0
15.0
15.0
15.0
17.0
17.0
17.0
17.0
17.0
25.0
25.0
25.0
25.0
26.0
28.0
28.0
28.0
28.0
28.0
30.0
30.0
30.0
30.0
30.0
30.0
30.0
35.0
47.0
47.0
23.0
23.0
23.0
24.0
24.0
24.0
24.0
24.0
24.0
24.0
38.0
38.0
38.0
38.0
38.0
38.0
38.0
38.0
38.0
38.0
11.0
11.0
11.0
11.0
11.0
11.0
11.0
11.0
11.0
11.0
16.0
16.0
16.0
16.0
20.0
21.0
21.0
21.0
21.0
21.0
26.0
26.0
26.0
27.0
27.0
27.0
27.0
27.0
27.0
27.0
25.0
25.0
25.0
25.0
25.0
25.0
25.0
25.0
25.0
25.0
14.0
14.0
14.0
14.0
14.0
14.0
14.0
14.0
14.0
14.0
21.0
21.0
21.0
21.0
21.0
21.0
21.0
21.0
21.0
23.0
8.0
8.0
8.0
8.0
8.0
8.0
8.0
8.0
8.0
8.0
10.0
10.0
10.0
10.0
10.0
10.0
10.0
10.0
10.0
10.0
15.0
15.0
15.0
15.0
15.0
15.0
15.0
15.0
15.0
15.0
52.0
52.0
52.0
52.0
52.0
52.0
52.0
52.0
52.0
52.0
26.0
26.0
26.0
26.0
26.0
26.0
32.0
32.0
37.0
37.0
7.0
7.0
7.0
7.0
7.0
7.0
8.0
8.0
8.0
8.0
19.0
19.0
19.0
19.0
19.0
23.0
23.0
23.0
23.0
23.0
40.0
40.0
40.0
40.0
40.0
40.0
40.0
40.0
40.0
40.0
5.0
5.0
5.0
5.0
5.0
5.0
5.0
5.0
6.0
6.0
8.0
8.0
8.0
8.0
8.0
8.0
3.0
4.0
4.0
4.0
42.0
42.0
42.0
42.0
44.0
44.0
44.0
44.0
44.0
44.0
2.0
1.0
1.0
1.0
1.0
1.0
1.0
1.0
1.0
1.0
31.0
31.0
31.0
31.0
32.0
32.0
32.0
32.0
32.0
32.0
30.0
30.0
30.0
30.0
30.0
30.0
31.0
31.0
31.0
31.0
15.0
15.0
15.0
15.0
15.0
15.0
15.0
15.0
15.0
15.0
34.0
34.0
34.0
34.0
34.0
13.0
13.0
13.0
13.0
13.0
29.0
29.0
29.0
29.0
34.0
34.0
34.0
34.0
34.0
34.0
20.0
20.0
20.0
20.0
20.0
20.0
20.0
20.0
24.0
24.0
24.0
26.0
26.0
26.0
12.0
15.0
15.0
10.0
10.0
10.0
20.0
21.0
21.0
22.0
22.0
22.0
22.0
22.0
22.0
22.0
53.0
79.0
79.0
84.0
84.0
84.0
84.0
85.0
18.0
18.0
6.0
6.0
6.0
6.0
6.0
7.0
8.0
8.0
8.0
8.0
19.0
19.0
19.0
19.0
19.0
19.0
19.0
19.0
19.0
19.0
7.0
7.0
7.0
7.0
1.0
1.0
1.0
1.0
1.0
1.0
11.0
11.0
11.0
11.0
11.0
3.0
3.0
3.0
3.0
3.0
3.0
3.0
3.0
3.0
3.0
3.0
3.0
3.0
3.0
4.0
32.0
32.0
32.0
32.0
32.0
32.0
32.0
32.0
32.0
32.0
29.0
29.0
30.0
30.0
30.0
30.0
34.0
34.0
34.0
34.0
5.0
5.0
5.0
5.0
5.0
1.0
1.0
1.0
1.0
1.0
4.0
4.0
4.0
4.0
4.0
4.0
4.0
4.0
4.0
4.0
35.0
35.0
35.0
35.0
35.0
35.0
35.0
35.0
35.0
35.0
16.0
16.0
16.0
16.0
16.0
16.0
16.0
16.0
19.0
19.0
20.0
20.0
20.0
20.0
20.0
20.0
20.0
9.0
9.0
9.0
10.0
10.0
10.0
10.0
10.0
10.0
10.0
10.0
10.0
10.0
28.0
28.0
37.0
11.0
11.0
11.0
11.0
11.0
11.0
11.0
12.0
5.0
5.0
5.0
5.0
5.0
5.0
5.0
7.0
7.0
25.0
25.0
29.0
29.0
29.0
29.0
29.0
29.0
29.0
29.0
4.0
4.0
4.0
5.0
5.0
5.0
5.0
5.0
5.0
5.0
18.0
19.0
19.0
19.0
19.0
19.0
19.0
19.0
19.0
19.0
24.0
24.0
24.0
24.0
24.0
24.0
24.0
24.0
24.0
24.0
26.0
26.0
26.0
26.0
26.0
26.0
26.0
26.0
26.0
26.0
27.0
27.0
27.0
27.0
27.0
27.0
27.0
27.0
27.0
27.0
24.0
24.0
24.0
24.0
24.0
24.0
24.0
24.0
24.0
27.0
1.0
1.0
1.0
1.0
1.0
2.0
2.0
2.0
2.0
2.0
17.0
17.0
17.0
17.0
17.0
17.0
17.0
17.0
17.0
17.0
25.0
25.0
25.0
25.0
25.0
25.0
26.0
26.0
26.0
26.0
57.0
57.0
57.0
57.0
57.0
57.0
57.0
57.0
57.0
57.0
41.0
41.0
41.0
41.0
41.0
41.0
41.0
41.0
41.0
11.0
11.0
11.0
11.0
11.0
11.0
14.0
14.0
14.0
14.0
14.0
10.0
10.0
10.0
10.0
10.0
10.0
10.0
10.0
10.0
10.0
22.0
22.0
24.0
24.0
24.0
24.0
24.0
24.0
24.0
24.0
14.0
14.0
14.0
14.0
14.0
14.0
14.0
14.0
14.0
14.0
21.0
23.0
23.0
23.0
23.0
23.0
23.0
23.0
23.0
23.0
2.0
2.0
1.0
1.0
1.0
1.0
1.0
1.0
1.0
1.0
30.0
30.0
30.0
37.0
37.0
37.0
37.0
37.0
37.0
37.0
6.0
6.0
6.0
6.0
6.0
6.0
6.0
7.0
7.0
8.0
33.0
33.0
33.0
43.0
43.0
43.0
43.0
43.0
43.0
43.0
23.0
23.0
23.0
23.0
23.0
23.0
11.0
11.0
11.0
11.0
24.0
24.0
26.0
29.0
33.0
33.0
33.0
33.0
37.0
37.0
17.0
17.0
17.0
17.0
17.0
17.0
17.0
8.0
8.0
8.0
25.0
25.0
25.0
25.0
25.0
25.0
25.0
25.0
25.0
25.0
40.0
40.0
40.0
20.0
20.0
20.0
20.0
20.0
20.0
20.0
11.0
11.0
11.0
11.0
11.0
11.0
11.0
11.0
11.0
11.0
8.0
8.0
8.0
8.0
8.0
8.0
8.0
8.0
8.0
8.0
2.0
3.0
3.0
3.0
3.0
3.0
3.0
3.0
3.0
3.0
2.0
2.0
2.0
2.0
2.0
2.0
3.0
3.0
3.0
3.0
3.0
3.0
3.0
3.0
3.0
3.0
3.0
3.0
3.0
3.0
14.0
14.0
14.0
14.0
14.0
14.0
14.0
14.0
14.0
14.0
38.0
38.0
38.0
38.0
38.0
38.0
9.0
9.0
9.0
9.0
8.0
8.0
8.0
8.0
8.0
8.0
2.0
2.0
2.0
2.0
39.0
39.0
39.0
39.0
39.0
39.0
39.0
55.0
55.0
55.0
17.0
17.0
17.0
17.0
17.0
17.0
17.0
17.0
17.0
17.0
32.0
32.0
32.0
32.0
32.0
32.0
32.0
32.0
32.0
32.0
7.0
7.0
7.0
7.0
7.0
7.0
7.0
7.0
7.0
7.0
14.0
16.0
16.0
16.0
16.0
16.0
16.0
25.0
25.0
25.0
1.0
2.0
2.0
2.0
2.0
2.0
2.0
2.0
2.0
2.0
40.0
48.0
48.0
48.0
52.0
52.0
52.0
52.0
52.0
52.0
22.0
22.0
22.0
13.0
13.0
13.0
13.0
13.0
13.0
13.0
3.0
3.0
3.0
4.0
4.0
4.0
4.0
4.0
4.0
4.0
18.0
18.0
18.0
18.0
18.0
18.0
18.0
18.0
18.0
18.0
17.0
17.0
17.0
17.0
17.0
17.0
17.0
17.0
17.0
17.0
29.0
29.0
29.0
29.0
29.0
29.0
29.0
29.0
29.0
29.0
34.0
34.0
34.0
34.0
34.0
34.0
34.0
34.0
34.0
34.0
33.0
33.0
33.0
33.0
33.0
35.0
35.0
35.0
35.0
36.0
10.0
10.0
10.0
10.0
10.0
10.0
10.0
10.0
10.0
10.0
35.0
35.0
35.0
35.0
35.0
35.0
35.0
35.0
35.0
35.0
32.0
32.0
32.0
32.0
32.0
32.0
32.0
32.0
32.0
32.0
33.0
33.0
33.0
33.0
33.0
33.0
33.0
34.0
34.0
34.0
14.0
14.0
14.0
14.0
14.0
8.0
8.0
8.0
8.0
8.0
11.0
11.0
13.0
13.0
6.0
6.0
6.0
6.0
6.0
6.0
1.0
1.0
1.0
1.0
1.0
1.0
1.0
1.0
1.0
1.0
39.0
39.0
39.0
39.0
39.0
39.0
39.0
39.0
39.0
39.0
18.0
18.0
18.0
18.0
18.0
21.0
21.0
21.0
23.0
23.0
34.0
34.0
34.0
34.0
47.0
47.0
47.0
47.0
47.0
47.0
19.0
19.0
19.0
19.0
19.0
19.0
19.0
19.0
13.0
13.0
8.0
8.0
8.0
8.0
8.0
8.0
8.0
8.0
8.0
8.0
32.0
32.0
32.0
34.0
34.0
34.0
34.0
34.0
34.0
34.0
43.0
43.0
43.0
43.0
43.0
43.0
43.0
43.0
43.0
51.0
34.0
34.0
34.0
34.0
34.0
34.0
11.0
11.0
11.0
6.0
47.0
47.0
47.0
47.0
47.0
47.0
51.0
51.0
58.0
61.0
6.0
6.0
6.0
6.0
6.0
6.0
6.0
6.0
7.0
7.0
5.0
5.0
5.0
5.0
5.0
5.0
5.0
5.0
5.0
5.0
6.0
6.0
6.0
6.0
6.0
6.0
6.0
6.0
6.0
6.0
11.0
11.0
11.0
11.0
11.0
11.0
3.0
3.0
3.0
3.0
31.0
31.0
31.0
31.0
31.0
31.0
31.0
31.0
31.0
31.0
18.0
18.0
18.0
18.0
18.0
18.0
18.0
18.0
18.0
18.0
3.0
3.0
3.0
3.0
3.0
3.0
3.0
3.0
3.0
4.0
31.0
31.0
31.0
31.0
31.0
34.0
34.0
34.0
34.0
34.0
40.0
40.0
40.0
40.0
40.0
40.0
40.0
40.0
40.0
40.0
41.0
41.0
41.0
41.0
41.0
41.0
41.0
41.0
41.0
41.0
