75806.0
3973.1810585
4236.77613666
1827.87373927
3112.13050256
2951.60158889
2027.39786912
4672.79116756
2966.390383
263.470965002
1828.02912895
1810.75005072
4133.27217069
2026.70214534
1582.70970561
4670.55498135
2613.10889909
2172.91283132
1699.7810045
2747.68097863
2970.8838972
491.517812297
3117.30589371
2455.81395146
1710.05448613
1999.26372639
3932.6757662
1681.92783547
2515.72064188
194.998783583
904.353012089
1672.55429942
3628.22374138
5032.85490265
1262.34749669
3733.84267265
3559.91411239
4356.24091162
2117.8287067
817.447076235
2389.42403986
784.780388756
2275.15495589
1265.80329135
4209.72224025
733.207359221
1830.87338364
2963.99126056
844.864132172
2848.47791538
3211.12136733
1539.21599497
1528.72873806
1937.73734441
3030.25997304
3157.58017733
576.1735051
3472.70459315
2090.28558024
682.449471164
1395.0776144
4018.604371
3296.02845444
2515.30614965
2970.3992975
3201.89740278
4655.01094856
1303.00319543
1439.53556095
2830.63210751
3617.90739832
1156.15181609
3090.45988156
1214.24207989
3882.59398541
2656.19787466
2067.43051041
2338.33259971
1717.54280053
114.817256681
1601.78646754
2922.36151553
1401.4602107
4162.26673946
1676.93837211
2924.37781569
2710.24545681
2217.8930406
3737.12931256
3833.49000393
1119.64944134
2704.10855556
3251.06122362
2601.49003873
2330.10381109
1435.37139926
1769.13726535
2709.32641311
1277.52022518
1629.02598794
1499.90278376
4137.57977702
2474.36776114
1369.82007916
3143.28618509
3535.31124744
2782.93414733
2678.7146771
2515.71737177
2222.74077976
2787.73279031
1280.87018005
3594.72556057
607.063500282
981.887435401
411.762631429
4107.24939788
2795.22775463
2564.18867365
1608.57619671
553.743190651
2958.0335202
1351.22018434
2681.07404976
1888.98053848
1277.3125141
1713.97123613
1130.48194816
1258.40170012
3176.54755319
2964.22947463
1916.82391619
1541.89013696
3789.37266008
3541.19468378
2173.57352222
4333.23837188
2521.01153372
1709.21645415
978.566913307
3286.08366989
3569.3295907
3363.55701506
1457.6041542
2078.9910059
1874.21491001
3860.9968884
1064.98973955
2449.78051872
2197.12772183
1302.40024497
1727.3869211
4252.48936861
1806.96103739
1811.15754319
663.578376515
2162.59684073
1840.44106845
2115.058526
1751.47148003
1535.27473336
683.165155907
3305.35091073
796.059639693
737.911805
1215.19269737
2080.15884701
699.212574109
3351.64756008
1709.91557181
1101.8048886
1729.31420976
509.6495764
1037.88400164
365.763839079
1984.49075254
1305.04131766
5010.20705744
2218.97676311
1011.16836208
2276.75459894
1236.28224905
891.205210897
2946.7903548
1629.42898766
186.743258314
2069.64624159
1820.46431726
1604.23081368
1115.65382396
2862.49845322
765.662767488
762.863612623
1513.13031728
1654.53063441
1239.72464489
1113.26724629
847.956027981
888.373534546
366.787378218
1843.11326278
787.313699333
1307.40437467
658.447677009
794.305906003
1159.82133728
2661.42488686
901.281655524
882.979820868
960.827567905
2024.04388822
1527.01766307
1093.04832542
1258.5526965
1698.27651418
298.614700495
1689.66936272
2266.92851163
1183.85211935
1091.69888801
2037.53614727
567.625840004
2091.702067
4207.83104489
1193.91443596
1553.44973873
316.579395049
645.767322199
736.658656949
814.840838226
709.539230253
946.510698454
2196.60665112
670.459685345
2003.17987265
429.28371843
1185.71475978
408.21943649
2717.91655352
609.740606133
871.368849058
709.853270365
1161.00397738
854.437338757
1514.7852124
389.43834622
1446.79804734
1657.06732987
3201.62680643
1170.67083865
545.560065048
1368.24169259
1700.48494638
225.168861865
2176.52813916
597.438662241
1378.78143819
506.89739121
1219.47134242
2132.9154188
2294.88382166
1238.04223568
814.867179967
1449.6584444
2143.89102654
1439.58173336
1609.71890981
1263.2035886
1327.72402405
1248.93888879
1726.56801995
1837.53689286
549.175313207
284.244010479
1245.28714539
782.617699417
1549.11184649
1266.72096283
725.710138481
1121.00085022
223.930569687
953.663687161
1748.94188049
875.881101317
2031.02482666
306.291365402
622.566398081
289.727944923
1531.06385358
473.168803988
696.62554362
1075.0677929
1255.85054296
1353.77434791
754.929080103
970.612810029
1232.16695951
708.197347497
519.143454239
1338.46077884
594.630759064
1216.13549206
239.05707946
942.198965147
458.612009354
714.312195393
988.628559991
1100.02283937
1214.12175923
352.209154608
449.214423828
1176.04776256
918.313707943
866.943285334
896.087379067
788.366874598
836.312571633
1027.70083987
67.776412598
949.823768408
734.520028406
90.7904958149
140.240582004
734.327459626
124.422430083
707.718976275
913.180718266
182.860252558
882.206065363
656.328758765
868.877063503
349.274152719
334.839889276
538.989053585
863.953063981
1085.6659462
740.571263604
512.414536215
672.318580323
725.358220706
298.088751331
674.195237671
115.20794447
495.600799102
469.571983905
703.787863818
312.898597845
316.574369926
579.171655498
682.23780419
713.531221697
672.195202726
448.546018315
815.588129328
306.278311199
444.659851892
793.531487094
368.900094815
352.170441225
75.5347709081
309.96634836
340.643413758
155.565645394
330.854483422
125.393132631
437.949128337
111.90663766
328.338738871
526.929161271
444.263079592
247.427381111
314.020806618
350.844580274
565.13886347
325.423828234
192.380075823
390.253174241
308.556236817
295.992949829
293.959770349
416.705049827
608.180603918
99.0206481052
609.541410273
433.691378235
385.138748628
147.401695127
168.901085098
201.92580786
214.553212886
226.334862015
436.111971795
248.866826945
94.9221551814
524.369953834
236.560910677
501.628744273
271.17487719
228.037938955
220.183732351
179.283979594
210.250369882
95.6722973676
193.097513849
289.765675362
456.436026284
489.821840085
302.547554687
262.480451322
228.621493245
237.738379376
250.45563846
304.683408772
78.6514740833
185.238006878
332.804547468
116.800889994
635.442951899
110.232077817
321.81734356
132.839122752
110.349252831
176.38690354
346.313707574
258.070720329
331.292158646
561.25858331
423.290209747
317.4925573
322.698879956
73.9069206392
383.327056516
393.22974128
806.842863866
403.820555536
456.703081053
276.996834051
495.553437111
308.218438612
345.640039328
304.274059769
259.637121696
236.80721987
355.585798534
626.175063104
469.689376422
336.339525452
422.940685291
181.251482579
312.905696712
328.835940564
614.739549574
114.534715526
385.286365428
50.7627510667
435.074475137
150.737131982
294.514255573
148.535462942
453.006669476
103.773027226
405.384304466
719.605566586
289.599316967
487.682505829
431.999185612
313.537368888
243.496657626
391.304409619
370.318576335
717.446932972
122.401997071
832.88772853
221.288119167
588.746846346
306.465840723
257.158385738
586.808513388
220.789750388
238.016454361
288.521832932
473.736672458
124.577922266
620.823336522
552.905867308
495.719896555
572.486470934
441.981975216
919.783677936
1033.4319319
156.832323894
490.065720695
768.518296212
788.075308084
548.390127491
469.466790139
317.927866354
509.397535721
120.064302217
765.636516552
363.946353573
862.784830696
354.042277647
355.461845149
706.498670631
574.735526679
441.866393173
629.707704581
897.065294374
642.536003492
319.965089412
513.102533941
752.947546987
127.479876461
342.842928693
126.411457796
871.175843399
662.112511199
754.006992139
387.308472711
71.9385037079
916.239211413
487.407761254
369.903192482
481.510679439
335.394289976
479.157129309
183.691461346
541.510172934
902.306898786
815.079617703
355.077262655
619.871067895
810.954056667
683.498209278
529.498068211
949.546043624
347.860737675
423.652699675
388.377242849
1050.93176677
1079.51630257
735.97217872
610.411289893
718.877664488
198.606318447
1085.01850168
115.186016645
726.687603527
907.51069355
245.412687701
557.138101553
1472.38506037
543.433816125
608.526953723
99.6696162727
653.511010007
446.201447789
622.060917396
527.689052503
286.823108851
142.532991042
995.43482659
7.41728542666
444.626878407
241.288536356
652.005569671
292.381163431
993.279070086
500.116359021
489.804059701
501.974198379
243.265205822
158.280661416
64.1692564489
623.953214584
579.129518924
1653.58692553
685.528018058
81.6212792661
746.531869674
313.659761004
545.342000705
932.053287058
494.148615152
80.6866687125
703.258734263
460.60022918
318.782338193
659.688788802
816.090750488
206.912110768
245.802991196
337.566724601
882.163411995
512.583614138
309.312154043
253.32797216
437.880899853
331.50242961
512.324609379
49.3397330852
153.346029295
341.143153789
230.2948091
220.325351107
819.387006711
430.000430389
30.1566284986
248.195790957
711.934815171
660.393309338
263.329428587
412.733676491
723.177444981
30.1633875207
540.89145528
995.132474144
495.104937239
261.804535651
690.265154575
254.246470387
705.450559897
1612.13553961
509.501186055
495.857307588
164.115214817
298.682185916
80.0932232058
263.385861656
431.517508768
761.445052518
1030.89395712
266.239030503
476.007075417
314.21629866
356.905214902
211.436848892
904.199773896
155.464947181
651.323662137
515.335404214
618.848425706
541.340486158
722.016994428
239.0120072
475.890225245
646.706503764
1124.16088235
334.794630364
389.323675966
521.469268249
542.944196496
168.493936563
966.30351879
333.115090089
709.586680453
344.73334994
706.140392362
882.303489005
770.077350681
377.671265436
393.09923626
435.628483495
987.940897932
534.222890076
609.768885206
787.301164629
541.838748393
369.368722941
426.061365331
965.770812013
381.701306109
148.521585901
405.748139042
110.050711187
473.411908516
323.391523935
288.568248577
709.573299326
52.5396305631
286.434154383
524.511642466
536.06542499
778.275565752
150.681310156
337.938153059
206.334048725
659.842520499
209.739332425
503.267003086
395.308541108
539.305227951
618.5264752
268.448441234
421.703516414
389.565304009
85.4434000257
252.467024085
778.275675328
47.9666361044
379.100834066
245.136592086
403.434869038
323.824826683
416.875723084
464.456273065
447.331389604
408.122864694
180.352764113
153.069667254
597.13839347
450.385692627
490.250509002
437.429714912
402.097666898
251.433169468
431.089261762
55.9942675769
392.936964065
385.405930873
121.879146527
327.542336314
252.514589719
148.822847602
391.300687312
429.418586506
86.5457867686
385.520533054
204.644853327
406.134232586
263.021983786
281.641583566
119.878621343
352.107379077
389.268160224
407.745926576
278.964248601
248.269613261
288.813589049
299.712753057
225.005312
129.447345243
166.393580881
165.696956442
201.937196905
168.485316864
80.1692588702
143.966968483
330.648813656
278.892192354
249.21018928
140.88828516
227.775905321
150.38799233
297.936308889
282.40128925
123.92172097
16.7629324758
107.227986466
144.049542966
24.1357980061
77.2814038474
214.006536925
50.0536535509
491.708992461
194.054952846
216.093475028
72.9378910166
68.270722356
81.2621770928
92.2307123275
150.606110217
198.460567114
312.999847814
225.559448364
92.0449126551
108.616589952
103.278364034
245.539009536
71.8473992593
363.569244314
157.762444291
345.361156574
102.55056192
126.505917446
37.4387559303
234.518207278
352.591780508
189.766338816
16.6822314134
174.498811347
107.116124551
70.8906924267
190.833736578
81.7498257649
189.491045896
127.490390524
78.667572031
198.870913855
43.7829305215
156.949480903
113.197420773
169.922709416
189.669703835
81.8265949662
125.54049917
113.342624753
71.3127185321
67.7699945062
219.841102459
48.040487998
252.15319058
47.6121066815
60.5955617449
182.216278985
119.244276013
319.357645315
149.012026897
197.980474036
143.763093673
109.370996372
58.4356174289
111.30407493
118.457683813
18.6410746688
260.622329874
263.900761234
108.91281844
157.936707241
49.5528740369
141.465218388
126.721506528
191.359085452
165.04449052
83.6209598565
138.837388884
229.418833973
183.284080151
19.9711461199
181.278262535
182.390117211
101.526870162
91.7900685229
266.030363836
168.681025562
245.458023011
190.267217265
155.917442985
132.311285009
247.384342107
248.558582443
238.775400132
188.455713919
46.6626174875
46.5636305097
120.883174352
192.846049725
80.5567288388
184.829928711
166.551582083
227.269818314
219.4005627
184.543828541
248.304406542
308.378132627
280.166271623
226.846141564
147.358498162
37.1361415728
199.759258186
315.443469482
412.970443251
60.8508966505
356.56287796
271.915125253
104.813355024
250.379211778
117.33987861
186.121235098
85.4035137789
243.356395361
108.555775285
466.5691308
189.642466711
287.521668989
276.906814242
272.886547209
370.682638776
375.217814908
147.004004318
208.018153484
401.761318774
472.532355922
390.792811919
182.445078681
142.45039859
286.348275988
260.873081882
268.458185046
81.1296562272
609.274942168
212.121888828
122.686957675
491.81399066
322.766742288
306.110426514
405.639480279
512.421547651
325.812968303
158.022593682
283.854406939
409.955052134
114.9585157
228.229938422
135.615593116
554.424531301
406.822468018
463.785078429
354.00149132
143.633910057
336.338548466
102.209678554
321.638547228
294.085520437
145.404731686
235.276629769
188.008012364
354.511133777
457.048503627
514.201342973
316.437750584
258.151121406
609.293684287
664.793725617
355.232668902
633.239760405
247.345208254
223.404800841
156.886670113
590.149307359
567.107179903
541.648768537
159.024115867
440.815769853
218.430550709
611.5717737
104.047895233
396.742356353
468.556654786
255.44100414
286.625093753
722.187355966
356.115991385
356.103002757
26.4370361423
371.26450381
105.136019736
329.48332129
317.413371358
156.999478379
213.15524055
578.694099896
132.717196878
207.903416894
268.078810625
637.765286401
46.6146286339
575.492487383
282.786610132
208.369191246
410.452847367
67.7790087559
251.904636804
97.5322734232
391.596300707
339.025584379
952.310151421
467.825458223
177.537942672
550.679009843
188.86572038
294.004802697
585.767950886
445.846138105
86.1043782828
344.631638311
373.914977633
256.821471118
431.454279262
394.766604211
177.154035957
95.0015437544
278.960710677
366.654904838
211.226394078
155.888103102
314.717940481
235.323586889
250.314334288
383.60396244
198.149162622
111.349634029
264.940522933
104.72305682
276.545247172
431.920312334
225.745501601
126.141455896
302.623313292
415.257049537
575.225931316
309.924343092
269.274817593
325.156629181
9.09137614169
476.231494745
591.809831672
321.286538617
121.049733813
541.060487575
172.056792762
515.917997547
944.513257605
308.443128416
379.720735701
149.924878851
126.761286769
215.221635481
287.477634516
127.883340814
167.671924615
558.714549371
86.2954857458
373.818676517
192.81795998
287.835436053
78.3871966297
569.012859521
179.046522125
372.278339941
405.008430978
385.499609464
339.234827778
491.990844839
33.5671598722
256.699817654
418.502416068
586.052761868
247.618151651
146.383502444
337.538621798
371.972697114
103.616864921
566.684211904
134.634365455
397.90036089
104.078633917
397.214290756
559.095881845
601.960278293
198.332626027
186.182534159
357.768559716
582.776041819
386.989755208
512.613238308
468.633369973
268.225290459
353.452954857
331.377586017
493.700118479
317.692203346
70.3125306879
418.30779654
221.510994289
268.096054596
269.334442085
247.815811204
497.415661557
107.583425386
281.292595189
456.227469782
344.237641424
582.341391839
97.1767168547
153.297247218
72.6112428296
480.039780984
88.6155751244
210.601523544
243.097318579
369.47044421
375.578944677
211.022774267
350.531890297
346.297707189
257.825306701
136.297811258
539.784936197
231.447999832
333.69606334
123.806250039
291.104265051
150.019028991
234.792145784
261.383259533
286.174892332
261.904280842
192.338899331
31.6412051105
382.125149638
327.398801581
229.694270583
168.098229667
189.50850253
71.7571160144
384.290793955
129.111390886
151.17983448
166.514019516
28.3844931921
112.286851078
248.764052762
115.068750712
173.647614948
391.293953754
117.071779669
285.669346839
106.591798952
304.498218927
279.582094597
181.93134977
131.259105505
257.120414602
358.497103577
166.996430378
241.494845592
183.216973723
302.17776891
81.4415087248
222.253037784
87.7290526302
204.103675226
83.7835065478
155.077536365
99.4483242332
59.846493497
128.239019375
286.267911809
124.533260658
166.144001094
86.0110413799
298.033326169
91.3795939974
88.2378817481
84.0389688492
186.826853203
10.2448435236
103.482104042
73.1171244593
134.195610245
62.7795383566
220.40784165
63.7853479103
134.219925322
89.0074597508
203.378797412
148.924473315
112.46721497
26.6999534617
67.0927530467
143.104844605
170.154390134
165.053722553
106.95987222
140.091959507
152.38068715
101.686754466
205.506998484
215.851183136
131.504732857
121.223044582
248.446950739
86.6385449733
87.0295845361
76.5705036226
82.4802738008
129.089350029
105.477496207
80.7326596329
162.996675098
33.6602313542
62.6438724943
161.875670398
93.6352880373
164.154941278
66.7374483541
151.339610081
84.9976791269
75.7578686398
0.0
0.0
0.0
0.0
0.0
0.0
0.0
0.0
0.0
0.0
0.0
0.0
0.0
0.0
0.0
0.0
0.0
0.0
0.0
0.0
0.0
0.0
0.0
0.0
0.0
0.0
0.0
0.0
0.0
0.0
0.0
0.0
0.0
0.0
0.0
0.0
0.0
0.0
0.0
0.0
0.0
0.0
0.0
0.0
0.0
0.0
0.0
0.0
0.0
0.0
0.0
0.0
0.0
0.0
0.0
0.0
0.0
0.0
0.0
0.0
0.0
0.0
0.0
0.0
0.0
0.0
0.0
0.0
0.0
0.0
0.0
0.0
0.0
0.0
0.0
0.0
0.0
0.0
0.0
0.0
0.0
0.0
0.0
0.0
0.0
0.0
0.0
0.0
0.0
0.0
0.0
0.0
0.0
0.0
0.0
0.0
0.0
0.0
0.0
0.0
0.0
0.0
0.0
0.0
0.0
0.0
0.0
0.0
0.0
0.0
0.0
0.0
0.0
0.0
0.0
0.0
0.0
0.0
0.0
0.0
0.0
0.0
0.0
0.0
0.0
0.0
0.0
0.0
0.0
0.0
0.0
0.0
0.0
0.0
0.0
0.0
0.0
0.0
0.0
0.0
0.0
0.0
0.0
0.0
0.0
0.0
0.0
0.0
0.0
0.0
0.0
0.0
0.0
0.0
0.0
0.0
0.0
0.0
0.0
0.0
0.0
0.0
0.0
0.0
0.0
0.0
0.0
0.0
0.0
0.0
0.0
0.0
0.0
0.0
0.0
0.0
0.0
0.0
0.0
0.0
0.0
0.0
0.0
0.0
0.0
0.0
0.0
0.0
0.0
0.0
0.0
0.0
0.0
0.0
0.0
0.0
0.0
0.0
0.0
0.0
0.0
0.0
0.0
0.0
0.0
0.0
0.0
0.0
0.0
0.0
0.0
0.0
0.0
0.0
0.0
0.0
0.0
0.0
0.0
0.0
0.0
0.0
0.0
0.0
0.0
0.0
0.0
0.0
0.0
0.0
0.0
0.0
0.0
0.0
0.0
0.0
0.0
0.0
0.0
0.0
0.0
0.0
0.0
0.0
0.0
0.0
0.0
0.0
0.0
0.0
0.0
0.0
0.0
0.0
0.0
0.0
0.0
0.0
0.0
0.0
0.0
0.0
0.0
0.0
0.0
0.0
0.0
0.0
0.0
0.0
0.0
0.0
0.0
0.0
0.0
0.0
0.0
0.0
0.0
0.0
0.0
0.0
0.0
0.0
0.0
0.0
0.0
0.0
0.0
0.0
0.0
0.0
0.0
0.0
0.0
0.0
0.0
0.0
0.0
0.0
0.0
0.0
0.0
0.0
0.0
0.0
0.0
0.0
0.0
0.0
0.0
0.0
0.0
0.0
0.0
0.0
0.0
0.0
0.0
0.0
0.0
0.0
0.0
0.0
0.0
0.0
0.0
0.0
0.0
0.0
0.0
0.0
0.0
0.0
0.0
0.0
0.0
0.0
0.0
0.0
0.0
0.0
0.0
0.0
0.0
0.0
0.0
0.0
0.0
0.0
0.0
0.0
0.0
0.0
0.0
0.0
0.0
0.0
0.0
0.0
0.0
0.0
0.0
0.0
0.0
0.0
0.0
0.0
0.0
0.0
0.0
0.0
0.0
0.0
0.0
0.0
0.0
0.0
0.0
0.0
0.0
0.0
0.0
0.0
0.0
0.0
0.0
0.0
0.0
0.0
0.0
0.0
0.0
0.0
0.0
0.0
0.0
0.0
0.0
0.0
0.0
0.0
0.0
0.0
0.0
0.0
0.0
0.0
0.0
0.0
0.0
0.0
0.0
0.0
0.0
0.0
0.0
0.0
0.0
0.0
0.0
0.0
0.0
0.0
0.0
0.0
0.0
0.0
0.0
0.0
0.0
0.0
0.0
0.0
0.0
0.0
0.0
0.0
0.0
0.0
0.0
0.0
0.0
0.0
0.0
0.0
0.0
0.0
0.0
0.0
0.0
0.0
0.0
0.0
0.0
0.0
0.0
0.0
0.0
0.0
0.0
0.0
0.0
0.0
0.0
0.0
0.0
0.0
0.0
0.0
0.0
0.0
0.0
0.0
0.0
0.0
0.0
0.0
0.0
0.0
0.0
0.0
0.0
0.0
0.0
0.0
0.0
0.0
0.0
0.0
0.0
0.0
0.0
0.0
0.0
0.0
0.0
0.0
0.0
0.0
0.0
0.0
0.0
0.0
0.0
0.0
0.0
0.0
0.0
0.0
0.0
0.0
0.0
0.0
0.0
0.0
0.0
0.0
0.0
0.0
0.0
0.0
0.0
0.0
0.0
0.0
0.0
0.0
0.0
0.0
0.0
0.0
0.0
0.0
0.0
0.0
0.0
0.0
0.0
0.0
0.0
0.0
0.0
0.0
0.0
0.0
0.0
0.0
0.0
0.0
0.0
0.0
0.0
0.0
0.0
0.0
0.0
0.0
0.0
0.0
0.0
0.0
0.0
0.0
0.0
0.0
0.0
0.0
0.0
0.0
0.0
0.0
0.0
0.0
0.0
0.0
0.0
0.0
0.0
0.0
0.0
0.0
0.0
0.0
0.0
0.0
0.0
0.0
0.0
0.0
0.0
0.0
0.0
0.0
0.0
0.0
0.0
0.0
0.0
0.0
0.0
0.0
0.0
0.0
0.0
0.0
0.0
0.0
0.0
0.0
0.0
0.0
0.0
0.0
0.0
0.0
0.0
0.0
0.0
0.0
0.0
0.0
0.0
0.0
0.0
0.0
0.0
0.0
0.0
0.0
0.0
0.0
0.0
0.0
0.0
0.0
0.0
0.0
0.0
0.0
0.0
0.0
0.0
0.0
0.0
0.0
0.0
0.0
0.0
0.0
0.0
0.0
0.0
0.0
0.0
0.0
0.0
0.0
0.0
0.0
0.0
0.0
0.0
0.0
0.0
0.0
0.0
0.0
0.0
0.0
0.0
0.0
0.0
0.0
0.0
0.0
0.0
0.0
0.0
0.0
0.0
0.0
0.0
0.0
0.0
0.0
0.0
0.0
0.0
0.0
0.0
0.0
0.0
0.0
0.0
0.0
0.0
0.0
0.0
0.0
0.0
0.0
0.0
0.0
0.0
0.0
0.0
0.0
0.0
0.0
0.0
0.0
0.0
0.0
0.0
0.0
0.0
0.0
0.0
0.0
0.0
0.0
0.0
0.0
0.0
0.0
0.0
0.0
0.0
0.0
0.0
0.0
0.0
0.0
0.0
0.0
0.0
0.0
0.0
0.0
0.0
0.0
0.0
0.0
0.0
0.0
0.0
0.0
0.0
0.0
0.0
0.0
0.0
0.0
0.0
0.0
0.0
0.0
0.0
0.0
0.0
0.0
0.0
0.0
0.0
0.0
0.0
0.0
0.0
0.0
0.0
0.0
0.0
0.0
0.0
0.0
0.0
0.0
0.0
0.0
0.0
0.0
0.0
0.0
0.0
0.0
0.0
0.0
0.0
0.0
0.0
0.0
0.0
0.0
0.0
0.0
0.0
0.0
0.0
0.0
0.0
0.0
0.0
0.0
0.0
0.0
0.0
0.0
0.0
0.0
0.0
0.0
0.0
0.0
0.0
0.0
0.0
0.0
0.0
0.0
0.0
0.0
0.0
0.0
0.0
0.0
0.0
0.0
0.0
0.0
0.0
0.0
0.0
0.0
0.0
0.0
0.0
0.0
0.0
0.0
0.0
0.0
0.0
0.0
0.0
0.0
0.0
0.0
0.0
0.0
0.0
0.0
0.0
0.0
0.0
0.0
0.0
0.0
0.0
0.0
0.0
0.0
0.0
0.0
0.0
0.0
0.0
0.0
0.0
0.0
0.0
0.0
0.0
0.0
0.0
0.0
0.0
0.0
0.0
0.0
0.0
0.0
0.0
0.0
0.0
0.0
0.0
0.0
0.0
0.0
0.0
0.0
0.0
0.0
0.0
0.0
0.0
0.0
0.0
0.0
0.0
0.0
0.0
0.0
0.0
0.0
0.0
0.0
0.0
0.0
0.0
0.0
0.0
0.0
0.0
0.0
0.0
0.0
0.0
0.0
0.0
0.0
0.0
0.0
0.0
0.0
0.0
0.0
0.0
0.0
0.0
0.0
0.0
0.0
0.0
0.0
0.0
0.0
0.0
0.0
0.0
0.0
0.0
0.0
0.0
0.0
0.0
0.0
0.0
0.0
0.0
0.0
0.0
0.0
0.0
0.0
0.0
0.0
0.0
0.0
0.0
0.0
0.0
0.0
0.0
0.0
0.0
0.0
0.0
0.0
0.0
0.0
0.0
0.0
0.0
0.0
0.0
0.0
0.0
0.0
0.0
0.0
0.0
0.0
0.0
0.0
0.0
0.0
0.0
0.0
0.0
0.0
0.0
0.0
0.0
0.0
0.0
0.0
0.0
0.0
0.0
0.0
0.0
0.0
0.0
0.0
0.0
0.0
0.0
0.0
0.0
0.0
0.0
0.0
0.0
0.0
0.0
0.0
0.0
0.0
0.0
0.0
0.0
0.0
0.0
0.0
0.0
0.0
0.0
0.0
0.0
0.0
0.0
0.0
0.0
0.0
0.0
0.0
0.0
0.0
0.0
0.0
0.0
0.0
0.0
0.0
0.0
0.0
0.0
0.0
0.0
0.0
0.0
0.0
0.0
0.0
0.0
0.0
0.0
0.0
0.0
0.0
0.0
0.0
0.0
0.0
0.0
0.0
0.0
0.0
0.0
0.0
0.0
0.0
0.0
0.0
0.0
0.0
0.0
0.0
0.0
0.0
0.0
0.0
0.0
0.0
0.0
0.0
0.0
0.0
0.0
0.0
0.0
0.0
0.0
0.0
0.0
0.0
0.0
0.0
0.0
0.0
0.0
0.0
0.0
0.0
0.0
0.0
0.0
0.0
0.0
0.0
0.0
0.0
0.0
0.0
0.0
0.0
0.0
0.0
0.0
0.0
0.0
0.0
0.0
0.0
0.0
0.0
0.0
0.0
0.0
0.0
0.0
0.0
0.0
0.0
0.0
0.0
0.0
0.0
0.0
0.0
0.0
0.0
0.0
0.0
0.0
0.0
0.0
0.0
0.0
0.0
0.0
0.0
0.0
0.0
0.0
0.0
0.0
0.0
0.0
0.0
0.0
0.0
0.0
0.0
0.0
0.0
0.0
0.0
0.0
0.0
0.0
0.0
0.0
0.0
0.0
0.0
0.0
0.0
0.0
0.0
0.0
0.0
0.0
0.0
0.0
0.0
0.0
0.0
0.0
0.0
0.0
0.0
0.0
0.0
0.0
0.0
0.0
0.0
0.0
0.0
0.0
0.0
0.0
0.0
0.0
0.0
0.0
0.0
0.0
0.0
0.0
0.0
0.0
0.0
0.0
0.0
0.0
0.0
0.0
0.0
0.0
0.0
0.0
0.0
0.0
0.0
0.0
0.0
0.0
0.0
0.0
0.0
0.0
0.0
0.0
0.0
0.0
0.0
0.0
0.0
0.0
0.0
0.0
0.0
0.0
0.0
0.0
0.0
0.0
0.0
0.0
0.0
0.0
0.0
0.0
0.0
0.0
0.0
0.0
0.0
0.0
0.0
0.0
0.0
0.0
0.0
0.0
0.0
0.0
0.0
0.0
0.0
0.0
0.0
0.0
0.0
0.0
0.0
0.0
0.0
0.0
0.0
0.0
0.0
0.0
0.0
0.0
0.0
0.0
0.0
0.0
0.0
0.0
0.0
0.0
0.0
0.0
0.0
0.0
0.0
0.0
0.0
0.0
0.0
0.0
0.0
0.0
0.0
0.0
0.0
0.0
0.0
0.0
0.0
0.0
0.0
0.0
0.0
0.0
0.0
0.0
0.0
0.0
0.0
0.0
0.0
0.0
0.0
0.0
0.0
0.0
0.0
0.0
0.0
0.0
0.0
0.0
0.0
0.0
0.0
0.0
0.0
0.0
0.0
0.0
0.0
0.0
0.0
0.0
0.0
0.0
0.0
0.0
0.0
0.0
0.0
0.0
0.0
0.0
0.0
0.0
0.0
0.0
0.0
0.0
0.0
0.0
0.0
0.0
0.0
0.0
0.0
0.0
0.0
0.0
0.0
0.0
0.0
0.0
0.0
0.0
0.0
0.0
0.0
0.0
0.0
0.0
0.0
0.0
0.0
0.0
0.0
0.0
0.0
0.0
0.0
0.0
0.0
0.0
0.0
0.0
0.0
0.0
0.0
0.0
0.0
0.0
0.0
0.0
0.0
0.0
0.0
0.0
0.0
0.0
0.0
0.0
0.0
0.0
0.0
0.0
0.0
0.0
0.0
0.0
0.0
0.0
0.0
0.0
0.0
0.0
0.0
0.0
0.0
0.0
0.0
0.0
0.0
0.0
0.0
0.0
0.0
0.0
0.0
0.0
0.0
0.0
0.0
0.0
0.0
0.0
0.0
0.0
0.0
0.0
0.0
0.0
0.0
0.0
0.0
0.0
0.0
0.0
0.0
0.0
0.0
0.0
0.0
0.0
0.0
0.0
0.0
0.0
0.0
0.0
0.0
0.0
0.0
0.0
0.0
0.0
0.0
0.0
0.0
0.0
0.0
0.0
0.0
0.0
0.0
0.0
0.0
0.0
0.0
0.0
0.0
0.0
0.0
0.0
0.0
0.0
0.0
0.0
0.0
0.0
0.0
0.0
0.0
0.0
0.0
0.0
0.0
0.0
0.0
0.0
0.0
0.0
0.0
0.0
0.0
0.0
0.0
0.0
0.0
0.0
0.0
0.0
0.0
0.0
0.0
0.0
0.0
0.0
0.0
0.0
0.0
0.0
0.0
0.0
0.0
0.0
0.0
0.0
0.0
0.0
0.0
0.0
0.0
0.0
0.0
0.0
0.0
0.0
0.0
0.0
0.0
0.0
0.0
0.0
0.0
0.0
0.0
0.0
0.0
0.0
0.0
0.0
0.0
0.0
0.0
0.0
0.0
0.0
0.0
0.0
0.0
0.0
0.0
0.0
0.0
0.0
0.0
0.0
0.0
0.0
0.0
0.0
0.0
0.0
0.0
0.0
0.0
0.0
0.0
0.0
0.0
0.0
75.7578686398
84.9976791269
151.339610081
66.7374483541
164.154941278
93.6352880373
161.875670398
62.6438724943
33.6602313542
162.996675098
80.7326596329
105.477496207
129.089350029
82.4802738008
76.5705036226
87.0295845361
86.6385449733
248.446950739
121.223044582
131.504732857
215.851183136
205.506998484
101.686754466
152.38068715
140.091959507
106.95987222
165.053722553
170.154390134
143.104844605
67.0927530467
26.6999534617
112.46721497
148.924473315
203.378797412
89.0074597508
134.219925322
63.7853479103
220.40784165
62.7795383566
134.195610245
73.1171244593
103.482104042
10.2448435236
186.826853203
84.0389688492
88.2378817481
91.3795939974
298.033326169
86.0110413799
166.144001094
124.533260658
286.267911809
128.239019375
59.846493497
99.4483242332
155.077536365
83.7835065478
204.103675226
87.7290526302
222.253037784
81.4415087248
302.17776891
183.216973723
241.494845592
166.996430378
358.497103577
257.120414602
131.259105505
181.93134977
279.582094597
304.498218927
106.591798952
285.669346839
117.071779669
391.293953754
173.647614948
115.068750712
248.764052762
112.286851078
28.3844931921
166.514019516
151.17983448
129.111390886
384.290793955
71.7571160144
189.50850253
168.098229667
229.694270583
327.398801581
382.125149638
31.6412051105
192.338899331
261.904280842
286.174892332
261.383259533
234.792145784
150.019028991
291.104265051
123.806250039
333.69606334
231.447999832
539.784936197
136.297811258
257.825306701
346.297707189
350.531890297
211.022774267
375.578944677
369.47044421
243.097318579
210.601523544
88.6155751244
480.039780984
72.6112428296
153.297247218
97.1767168547
582.341391839
344.237641424
456.227469782
281.292595189
107.583425386
497.415661557
247.815811204
269.334442085
268.096054596
221.510994289
418.30779654
70.3125306879
317.692203346
493.700118479
331.377586017
353.452954857
268.225290459
468.633369973
512.613238308
386.989755208
582.776041819
357.768559716
186.182534159
198.332626027
601.960278293
559.095881845
397.214290756
104.078633917
397.90036089
134.634365455
566.684211904
103.616864921
371.972697114
337.538621798
146.383502444
247.618151651
586.052761868
418.502416068
256.699817654
33.5671598722
491.990844839
339.234827778
385.499609464
405.008430978
372.278339941
179.046522125
569.012859521
78.3871966297
287.835436053
192.81795998
373.818676517
86.2954857458
558.714549371
167.671924615
127.883340814
287.477634516
215.221635481
126.761286769
149.924878851
379.720735701
308.443128416
944.513257605
515.917997547
172.056792762
541.060487575
121.049733813
321.286538617
591.809831672
476.231494745
9.09137614169
325.156629181
269.274817593
309.924343092
575.225931316
415.257049537
302.623313292
126.141455896
225.745501601
431.920312334
276.545247172
104.72305682
264.940522933
111.349634029
198.149162622
383.60396244
250.314334288
235.323586889
314.717940481
155.888103102
211.226394078
366.654904838
278.960710677
95.0015437544
177.154035957
394.766604211
431.454279262
256.821471118
373.914977633
344.631638311
86.1043782828
445.846138105
585.767950886
294.004802697
188.86572038
550.679009843
177.537942672
467.825458223
952.310151421
339.025584379
391.596300707
97.5322734232
251.904636804
67.7790087559
410.452847367
208.369191246
282.786610132
575.492487383
46.6146286339
637.765286401
268.078810625
207.903416894
132.717196878
578.694099896
213.15524055
156.999478379
317.413371358
329.48332129
105.136019736
371.26450381
26.4370361423
356.103002757
356.115991385
722.187355966
286.625093753
255.44100414
468.556654786
396.742356353
104.047895233
611.5717737
218.430550709
440.815769853
159.024115867
541.648768537
567.107179903
590.149307359
156.886670113
223.404800841
247.345208254
633.239760405
355.232668902
664.793725617
609.293684287
258.151121406
316.437750584
514.201342973
457.048503627
354.511133777
188.008012364
235.276629769
145.404731686
294.085520437
321.638547228
102.209678554
336.338548466
143.633910057
354.00149132
463.785078429
406.822468018
554.424531301
135.615593116
228.229938422
114.9585157
409.955052134
283.854406939
158.022593682
325.812968303
512.421547651
405.639480279
306.110426514
322.766742288
491.81399066
122.686957675
212.121888828
609.274942168
81.1296562272
268.458185046
260.873081882
286.348275988
142.45039859
182.445078681
390.792811919
472.532355922
401.761318774
208.018153484
147.004004318
375.217814908
370.682638776
272.886547209
276.906814242
287.521668989
189.642466711
466.5691308
108.555775285
243.356395361
85.4035137789
186.121235098
117.33987861
250.379211778
104.813355024
271.915125253
356.56287796
60.8508966505
412.970443251
315.443469482
199.759258186
37.1361415728
147.358498162
226.846141564
280.166271623
308.378132627
248.304406542
184.543828541
219.4005627
227.269818314
166.551582083
184.829928711
80.5567288388
192.846049725
120.883174352
46.5636305097
46.6626174875
188.455713919
238.775400132
248.558582443
247.384342107
132.311285009
155.917442985
190.267217265
245.458023011
168.681025562
266.030363836
91.7900685229
101.526870162
182.390117211
181.278262535
19.9711461199
183.284080151
229.418833973
138.837388884
83.6209598565
165.04449052
191.359085452
126.721506528
141.465218388
49.5528740369
157.936707241
108.91281844
263.900761234
260.622329874
18.6410746688
118.457683813
111.30407493
58.4356174289
109.370996372
143.763093673
197.980474036
149.012026897
319.357645315
119.244276013
182.216278985
60.5955617449
47.6121066815
252.15319058
48.040487998
219.841102459
67.7699945062
71.3127185321
113.342624753
125.54049917
81.8265949662
189.669703835
169.922709416
113.197420773
156.949480903
43.7829305215
198.870913855
78.667572031
127.490390524
189.491045896
81.7498257649
190.833736578
70.8906924267
107.116124551
174.498811347
16.6822314134
189.766338816
352.591780508
234.518207278
37.4387559303
126.505917446
102.55056192
345.361156574
157.762444291
363.569244314
71.8473992593
245.539009536
103.278364034
108.616589952
92.0449126551
225.559448364
312.999847814
198.460567114
150.606110217
92.2307123275
81.2621770928
68.270722356
72.9378910166
216.093475028
194.054952846
491.708992461
50.0536535509
214.006536925
77.2814038474
24.1357980061
144.049542966
107.227986466
16.7629324758
123.92172097
282.40128925
297.936308889
150.38799233
227.775905321
140.88828516
249.21018928
278.892192354
330.648813656
143.966968483
80.1692588702
168.485316864
201.937196905
165.696956442
166.393580881
129.447345243
225.005312
299.712753057
288.813589049
248.269613261
278.964248601
407.745926576
389.268160224
352.107379077
119.878621343
281.641583566
263.021983786
406.134232586
204.644853327
385.520533054
86.5457867686
429.418586506
391.300687312
148.822847602
252.514589719
327.542336314
121.879146527
385.405930873
392.936964065
55.9942675769
431.089261762
251.433169468
402.097666898
437.429714912
490.250509002
450.385692627
597.13839347
153.069667254
180.352764113
408.122864694
447.331389604
464.456273065
416.875723084
323.824826683
403.434869038
245.136592086
379.100834066
47.9666361044
778.275675328
252.467024085
85.4434000257
389.565304009
421.703516414
268.448441234
618.5264752
539.305227951
395.308541108
503.267003086
209.739332425
659.842520499
206.334048725
337.938153059
150.681310156
778.275565752
536.06542499
524.511642466
286.434154383
52.5396305631
709.573299326
288.568248577
323.391523935
473.411908516
110.050711187
405.748139042
148.521585901
381.701306109
965.770812013
426.061365331
369.368722941
541.838748393
787.301164629
609.768885206
534.222890076
987.940897932
435.628483495
393.09923626
377.671265436
770.077350681
882.303489005
706.140392362
344.73334994
709.586680453
333.115090089
966.30351879
168.493936563
542.944196496
521.469268249
389.323675966
334.794630364
1124.16088235
646.706503764
475.890225245
239.0120072
722.016994428
541.340486158
618.848425706
515.335404214
651.323662137
155.464947181
904.199773896
211.436848892
356.905214902
314.21629866
476.007075417
266.239030503
1030.89395712
761.445052518
431.517508768
263.385861656
80.0932232058
298.682185916
164.115214817
495.857307588
509.501186055
1612.13553961
705.450559897
254.246470387
690.265154575
261.804535651
495.104937239
995.132474144
540.89145528
30.1633875207
723.177444981
412.733676491
263.329428587
660.393309338
711.934815171
248.195790957
30.1566284986
430.000430389
819.387006711
220.325351107
230.2948091
341.143153789
153.346029295
49.3397330852
512.324609379
331.50242961
437.880899853
253.32797216
309.312154043
512.583614138
882.163411995
337.566724601
245.802991196
206.912110768
816.090750488
659.688788802
318.782338193
460.60022918
703.258734263
80.6866687125
494.148615152
932.053287058
545.342000705
313.659761004
746.531869674
81.6212792661
685.528018058
1653.58692553
579.129518924
623.953214584
64.1692564489
158.280661416
243.265205822
501.974198379
489.804059701
500.116359021
993.279070086
292.381163431
652.005569671
241.288536356
444.626878407
7.41728542666
995.43482659
142.532991042
286.823108851
527.689052503
622.060917396
446.201447789
653.511010007
99.6696162727
608.526953723
543.433816125
1472.38506037
557.138101553
245.412687701
907.51069355
726.687603527
115.186016645
1085.01850168
198.606318447
718.877664488
610.411289893
735.97217872
1079.51630257
1050.93176677
388.377242849
423.652699675
347.860737675
949.546043624
529.498068211
683.498209278
810.954056667
619.871067895
355.077262655
815.079617703
902.306898786
541.510172934
183.691461346
479.157129309
335.394289976
481.510679439
369.903192482
487.407761254
916.239211413
71.9385037079
387.308472711
754.006992139
662.112511199
871.175843399
126.411457796
342.842928693
127.479876461
752.947546987
513.102533941
319.965089412
642.536003492
897.065294374
629.707704581
441.866393173
574.735526679
706.498670631
355.461845149
354.042277647
862.784830696
363.946353573
765.636516552
120.064302217
509.397535721
317.927866354
469.466790139
548.390127491
788.075308084
768.518296212
490.065720695
156.832323894
1033.4319319
919.783677936
441.981975216
572.486470934
495.719896555
552.905867308
620.823336522
124.577922266
473.736672458
288.521832932
238.016454361
220.789750388
586.808513388
257.158385738
306.465840723
588.746846346
221.288119167
832.88772853
122.401997071
717.446932972
370.318576335
391.304409619
243.496657626
313.537368888
431.999185612
487.682505829
289.599316967
719.605566586
405.384304466
103.773027226
453.006669476
148.535462942
294.514255573
150.737131982
435.074475137
50.7627510667
385.286365428
114.534715526
614.739549574
328.835940564
312.905696712
181.251482579
422.940685291
336.339525452
469.689376422
626.175063104
355.585798534
236.80721987
259.637121696
304.274059769
345.640039328
308.218438612
495.553437111
276.996834051
456.703081053
403.820555536
806.842863866
393.22974128
383.327056516
73.9069206392
322.698879956
317.4925573
423.290209747
561.25858331
331.292158646
258.070720329
346.313707574
176.38690354
110.349252831
132.839122752
321.81734356
110.232077817
635.442951899
116.800889994
332.804547468
185.238006878
78.6514740833
304.683408772
250.45563846
237.738379376
228.621493245
262.480451322
302.547554687
489.821840085
456.436026284
289.765675362
193.097513849
95.6722973676
210.250369882
179.283979594
220.183732351
228.037938955
271.17487719
501.628744273
236.560910677
524.369953834
94.9221551814
248.866826945
436.111971795
226.334862015
214.553212886
201.92580786
168.901085098
147.401695127
385.138748628
433.691378235
609.541410273
99.0206481052
608.180603918
416.705049827
293.959770349
295.992949829
308.556236817
390.253174241
192.380075823
325.423828234
565.13886347
350.844580274
314.020806618
247.427381111
444.263079592
526.929161271
328.338738871
111.90663766
437.949128337
125.393132631
330.854483422
155.565645394
340.643413758
309.96634836
75.5347709081
352.170441225
368.900094815
793.531487094
444.659851892
306.278311199
815.588129328
448.546018315
672.195202726
713.531221697
682.23780419
579.171655498
316.574369926
312.898597845
703.787863818
469.571983905
495.600799102
115.20794447
674.195237671
298.088751331
725.358220706
672.318580323
512.414536215
740.571263604
1085.6659462
863.953063981
538.989053585
334.839889276
349.274152719
868.877063503
656.328758765
882.206065363
182.860252558
913.180718266
707.718976275
124.422430083
734.327459626
140.240582004
90.7904958149
734.520028406
949.823768408
67.776412598
1027.70083987
836.312571633
788.366874598
896.087379067
866.943285334
918.313707943
1176.04776256
449.214423828
352.209154608
1214.12175923
1100.02283937
988.628559991
714.312195393
458.612009354
942.198965147
239.05707946
1216.13549206
594.630759064
1338.46077884
519.143454239
708.197347497
1232.16695951
970.612810029
754.929080103
1353.77434791
1255.85054296
1075.0677929
696.62554362
473.168803988
1531.06385358
289.727944923
622.566398081
306.291365402
2031.02482666
875.881101317
1748.94188049
953.663687161
223.930569687
1121.00085022
725.710138481
1266.72096283
1549.11184649
782.617699417
1245.28714539
284.244010479
549.175313207
1837.53689286
1726.56801995
1248.93888879
1327.72402405
1263.2035886
1609.71890981
1439.58173336
2143.89102654
1449.6584444
814.867179967
1238.04223568
2294.88382166
2132.9154188
1219.47134242
506.89739121
1378.78143819
597.438662241
2176.52813916
225.168861865
1700.48494638
1368.24169259
545.560065048
1170.67083865
3201.62680643
1657.06732987
1446.79804734
389.43834622
1514.7852124
854.437338757
1161.00397738
709.853270365
871.368849058
609.740606133
2717.91655352
408.21943649
1185.71475978
429.28371843
2003.17987265
670.459685345
2196.60665112
946.510698454
709.539230253
814.840838226
736.658656949
645.767322199
316.579395049
1553.44973873
1193.91443596
4207.83104489
2091.702067
567.625840004
2037.53614727
1091.69888801
1183.85211935
2266.92851163
1689.66936272
298.614700495
1698.27651418
1258.5526965
1093.04832542
1527.01766307
2024.04388822
960.827567905
882.979820868
901.281655524
2661.42488686
1159.82133728
794.305906003
658.447677009
1307.40437467
787.313699333
1843.11326278
366.787378218
888.373534546
847.956027981
1113.26724629
1239.72464489
1654.53063441
1513.13031728
762.863612623
765.662767488
2862.49845322
1115.65382396
1604.23081368
1820.46431726
2069.64624159
186.743258314
1629.42898766
2946.7903548
891.205210897
1236.28224905
2276.75459894
1011.16836208
2218.97676311
5010.20705744
1305.04131766
1984.49075254
365.763839079
1037.88400164
509.6495764
1729.31420976
1101.8048886
1709.91557181
3351.64756008
699.212574109
2080.15884701
1215.19269737
737.911805
796.059639693
3305.35091073
683.165155907
1535.27473336
1751.47148003
2115.058526
1840.44106845
2162.59684073
663.578376515
1811.15754319
1806.96103739
4252.48936861
1727.3869211
1302.40024497
2197.12772183
2449.78051872
1064.98973955
3860.9968884
1874.21491001
2078.9910059
1457.6041542
3363.55701506
3569.3295907
3286.08366989
978.566913307
1709.21645415
2521.01153372
4333.23837188
2173.57352222
3541.19468378
3789.37266008
1541.89013696
1916.82391619
2964.22947463
3176.54755319
1258.40170012
1130.48194816
1713.97123613
1277.3125141
1888.98053848
2681.07404976
1351.22018434
2958.0335202
553.743190651
1608.57619671
2564.18867365
2795.22775463
4107.24939788
411.762631429
981.887435401
607.063500282
3594.72556057
1280.87018005
2787.73279031
2222.74077976
2515.71737177
2678.7146771
2782.93414733
3535.31124744
3143.28618509
1369.82007916
2474.36776114
4137.57977702
1499.90278376
1629.02598794
1277.52022518
2709.32641311
1769.13726535
1435.37139926
2330.10381109
2601.49003873
3251.06122362
2704.10855556
1119.64944134
3833.49000393
3737.12931256
2217.8930406
2710.24545681
2924.37781569
1676.93837211
4162.26673946
1401.4602107
2922.36151553
1601.78646754
114.817256681
1717.54280053
2338.33259971
2067.43051041
2656.19787466
3882.59398541
1214.24207989
3090.45988156
1156.15181609
3617.90739832
2830.63210751
1439.53556095
1303.00319543
4655.01094856
3201.89740278
2970.3992975
2515.30614965
3296.02845444
4018.604371
1395.0776144
682.449471164
2090.28558024
3472.70459315
576.1735051
3157.58017733
3030.25997304
1937.73734441
1528.72873806
1539.21599497
3211.12136733
2848.47791538
844.864132172
2963.99126056
1830.87338364
733.207359221
4209.72224025
1265.80329135
2275.15495589
784.780388756
2389.42403986
817.447076235
2117.8287067
4356.24091162
3559.91411239
3733.84267265
1262.34749669
5032.85490265
3628.22374138
1672.55429942
904.353012089
194.998783583
2515.72064188
1681.92783547
3932.6757662
1999.26372639
1710.05448613
2455.81395146
3117.30589371
491.517812297
2970.8838972
2747.68097863
1699.7810045
2172.91283132
2613.10889909
4670.55498135
1582.70970561
2026.70214534
4133.27217069
1810.75005072
1828.02912895
263.470965002
2966.390383
4672.79116756
2027.39786912
2951.60158889
3112.13050256
1827.87373927
4236.77613666
3973.1810585
