75806.0
3973.1810585
4236.77613666
1827.87373927
3112.13050256
2951.60158889
2027.39786912
4672.79116756
2966.390383
263.470965002
1828.02912895
1810.75005072
4133.27217069
2026.70214534
1582.70970561
4670.55498135
2613.10889909
2172.91283132
1699.7810045
2747.68097863
2970.8838972
491.517812297
3117.30589371
2455.81395146
1710.05448613
1999.26372639
3932.6757662
1681.92783547
2515.72064188
194.998783583
904.353012089
1672.55429942
3628.22374138
5032.85490265
1262.34749669
3733.84267265
3559.91411239
4356.24091162
2117.8287067
817.447076235
2389.42403986
784.780388756
2275.15495589
1265.80329135
4209.72224025
733.207359221
1830.87338364
2963.99126056
844.864132172
2848.47791538
3211.12136733
1539.21599497
1528.72873806
1937.73734441
3030.25997304
3157.58017733
576.1735051
3472.70459315
2090.28558024
682.449471164
1395.0776144
4018.604371
3296.02845444
2515.30614965
2970.3992975
3201.89740278
4655.01094856
1303.00319543
1439.53556095
2830.63210751
3617.90739832
1156.15181609
3090.45988156
1214.24207989
3882.59398541
2656.19787466
2067.43051041
2338.33259971
1717.54280053
114.817256681
1601.78646754
2922.36151553
1401.4602107
4162.26673946
1676.93837211
2924.37781569
2710.24545681
2217.8930406
3737.12931256
3833.49000393
1119.64944134
2704.10855556
3251.06122362
2601.49003873
2330.10381109
1435.37139926
1769.13726535
2709.32641311
1277.52022518
1629.02598794
1499.90278376
4137.57977702
2474.36776114
1369.82007916
3143.28618509
3535.31124744
2782.93414733
2678.7146771
2515.71737177
2222.74077976
2787.73279031
1280.87018005
3594.72556057
607.063500282
981.887435401
411.762631429
4107.24939788
2795.22775463
2564.18867365
1608.57619671
553.743190651
2958.0335202
1351.22018434
2681.07404976
1888.98053848
1277.3125141
1713.97123613
1130.48194816
1258.40170012
3176.54755319
2964.22947463
1916.82391619
1541.89013696
3789.37266008
3541.19468378
2173.57352222
4333.23837188
2521.01153372
1709.21645415
978.566913307
3286.08366989
3569.3295907
3363.55701506
1457.6041542
2078.9910059
1874.21491001
3860.9968884
1064.98973955
2449.78051872
2197.12772183
1302.40024497
1727.3869211
4252.48936861
1806.96103739
1811.15754319
663.578376515
2162.59684073
1840.44106845
2115.058526
1751.47148003
1535.27473336
683.165155907
3305.35091073
796.059639693
737.911805
1215.19269737
2080.15884701
699.212574109
3351.64756008
1709.91557181
1101.8048886
1729.31420976
509.6495764
1037.88400164
365.763839079
1984.49075254
1305.04131766
5010.20705744
2218.97676311
1011.16836208
2276.75459894
1236.28224905
891.205210897
2946.7903548
1629.42898766
186.743258314
2069.64624159
1820.46431726
1604.23081368
1115.65382396
2862.49845322
765.662767488
762.863612623
1513.13031728
1654.53063441
1239.72464489
1113.26724629
847.956027981
888.373534546
366.787378218
1843.11326278
787.313699333
1307.40437467
658.447677009
794.305906003
1159.82133728
2661.42488686
901.281655524
882.979820868
960.827567905
2024.04388822
1527.01766307
1093.04832542
1258.5526965
1698.27651418
298.614700495
1689.66936272
2266.92851163
1183.85211935
1091.69888801
2037.53614727
567.625840004
2091.702067
4207.83104489
1193.91443596
1553.44973873
316.579395049
645.767322199
736.658656949
814.840838226
709.539230253
946.510698454
2196.60665112
670.459685345
2003.17987265
429.28371843
1185.71475978
408.21943649
2717.91655352
609.740606133
871.368849058
709.853270365
1161.00397738
854.437338757
1514.7852124
389.43834622
1446.79804734
1657.06732987
3201.62680643
1170.67083865
545.560065048
1368.24169259
1700.48494638
225.168861865
2176.52813916
597.438662241
1378.78143819
506.89739121
1219.47134242
2132.9154188
2294.88382166
1238.04223568
814.867179967
1449.6584444
2143.89102654
1439.58173336
1609.71890981
1263.2035886
1327.72402405
1248.93888879
1726.56801995
1837.53689286
549.175313207
284.244010479
1245.28714539
782.617699417
1549.11184649
1266.72096283
725.710138481
1121.00085022
223.930569687
953.663687161
1748.94188049
875.881101317
2031.02482666
306.291365402
622.566398081
289.727944923
1531.06385358
473.168803988
696.62554362
1075.0677929
1255.85054296
1353.77434791
754.929080103
970.612810029
1232.16695951
708.197347497
519.143454239
1338.46077884
594.630759064
1216.13549206
239.05707946
942.198965147
458.612009354
714.312195393
988.628559991
1100.02283937
1214.12175923
352.209154608
449.214423828
1176.04776256
918.313707943
866.943285334
896.087379067
788.366874598
836.312571633
1027.70083987
67.776412598
949.823768408
734.520028406
90.7904958149
140.240582004
734.327459626
124.422430083
707.718976275
913.180718266
182.860252558
882.206065363
656.328758765
868.877063503
349.274152719
334.839889276
538.989053585
863.953063981
1085.6659462
740.571263604
512.414536215
672.318580323
725.358220706
298.088751331
674.195237671
115.20794447
495.600799102
469.571983905
703.787863818
312.898597845
316.574369926
579.171655498
682.23780419
713.531221697
672.195202726
448.546018315
815.588129328
306.278311199
444.659851892
793.531487094
368.900094815
352.170441225
75.5347709081
309.96634836
340.643413758
155.565645394
330.854483422
125.393132631
437.949128337
111.90663766
328.338738871
526.929161271
444.263079592
247.427381111
314.020806618
350.844580274
565.13886347
325.423828234
192.380075823
390.253174241
308.556236817
295.992949829
293.959770349
416.705049827
608.180603918
99.0206481052
609.541410273
433.691378235
385.138748628
147.401695127
168.901085098
201.92580786
214.553212886
226.334862015
436.111971795
248.866826945
94.9221551814
524.369953834
236.560910677
501.628744273
271.17487719
228.037938955
220.183732351
179.283979594
210.250369882
95.6722973676
193.097513849
289.765675362
456.436026284
489.821840085
302.547554687
262.480451322
228.621493245
237.738379376
250.45563846
304.683408772
78.6514740833
185.238006878
332.804547468
116.800889994
635.442951899
110.232077817
321.81734356
132.839122752
110.349252831
176.38690354
346.313707574
258.070720329
331.292158646
561.25858331
423.290209747
317.4925573
322.698879956
73.9069206392
383.327056516
393.22974128
806.842863866
403.820555536
456.703081053
276.996834051
495.553437111
308.218438612
345.640039328
304.274059769
259.637121696
236.80721987
355.585798534
626.175063104
469.689376422
336.339525452
422.940685291
181.251482579
312.905696712
328.835940564
614.739549574
114.534715526
385.286365428
50.7627510667
435.074475137
150.737131982
294.514255573
148.535462942
453.006669476
103.773027226
405.384304466
719.605566586
289.599316967
487.682505829
431.999185612
313.537368888
243.496657626
391.304409619
370.318576335
717.446932972
122.401997071
832.88772853
221.288119167
588.746846346
306.465840723
257.158385738
586.808513388
220.789750388
238.016454361
288.521832932
473.736672458
124.577922266
620.823336522
552.905867308
495.719896555
572.486470934
441.981975216
919.783677936
1033.4319319
156.832323894
490.065720695
768.518296212
788.075308084
548.390127491
469.466790139
317.927866354
509.397535721
120.064302217
765.636516552
363.946353573
862.784830696
354.042277647
355.461845149
706.498670631
574.735526679
441.866393173
629.707704581
897.065294374
642.536003492
319.965089412
513.102533941
752.947546987
127.479876461
342.842928693
126.411457796
871.175843399
662.112511199
754.006992139
387.308472711
71.9385037079
916.239211413
487.407761254
369.903192482
481.510679439
335.394289976
479.157129309
183.691461346
541.510172934
902.306898786
815.079617703
355.077262655
619.871067895
810.954056667
683.498209278
529.498068211
949.546043624
347.860737675
423.652699675
388.377242849
1050.93176677
1079.51630257
735.97217872
610.411289893
718.877664488
198.606318447
1085.01850168
115.186016645
726.687603527
907.51069355
245.412687701
557.138101553
1472.38506037
543.433816125
608.526953723
99.6696162727
653.511010007
446.201447789
622.060917396
527.689052503
286.823108851
142.532991042
995.43482659
7.41728542666
444.626878407
241.288536356
652.005569671
292.381163431
993.279070086
500.116359021
489.804059701
501.974198379
243.265205822
158.280661416
64.1692564489
623.953214584
579.129518924
1653.58692553
685.528018058
81.6212792661
746.531869674
313.659761004
545.342000705
932.053287058
494.148615152
80.6866687125
703.258734263
460.60022918
318.782338193
659.688788802
816.090750488
206.912110768
245.802991196
337.566724601
882.163411995
512.583614138
309.312154043
253.32797216
437.880899853
331.50242961
512.324609379
49.3397330852
153.346029295
341.143153789
230.2948091
220.325351107
819.387006711
430.000430389
30.1566284986
248.195790957
711.934815171
660.393309338
263.329428587
412.733676491
723.177444981
30.1633875207
540.89145528
995.132474144
495.104937239
261.804535651
690.265154575
254.246470387
705.450559897
1612.13553961
509.501186055
495.857307588
164.115214817
298.682185916
80.0932232058
263.385861656
431.517508768
761.445052518
1030.89395712
266.239030503
476.007075417
314.21629866
356.905214902
211.436848892
904.199773896
155.464947181
651.323662137
515.335404214
618.848425706
541.340486158
722.016994428
239.0120072
475.890225245
646.706503764
1124.16088235
334.794630364
389.323675966
521.469268249
542.944196496
168.493936563
966.30351879
333.115090089
709.586680453
344.73334994
706.140392362
882.303489005
770.077350681
377.671265436
393.09923626
435.628483495
987.940897932
534.222890076
609.768885206
787.301164629
541.838748393
369.368722941
426.061365331
965.770812013
381.701306109
148.521585901
405.748139042
110.050711187
473.411908516
323.391523935
288.568248577
709.573299326
52.5396305631
286.434154383
524.511642466
536.06542499
778.275565752
150.681310156
337.938153059
206.334048725
659.842520499
209.739332425
503.267003086
395.308541108
539.305227951
618.5264752
268.448441234
421.703516414
389.565304009
85.4434000257
252.467024085
778.275675328
47.9666361044
379.100834066
245.136592086
403.434869038
323.824826683
416.875723084
464.456273065
447.331389604
408.122864694
180.352764113
153.069667254
597.13839347
450.385692627
490.250509002
437.429714912
402.097666898
251.433169468
431.089261762
55.9942675769
392.936964065
385.405930873
121.879146527
327.542336314
252.514589719
148.822847602
391.300687312
429.418586506
86.5457867686
385.520533054
204.644853327
406.134232586
263.021983786
281.641583566
119.878621343
352.107379077
389.268160224
407.745926576
278.964248601
248.269613261
288.813589049
299.712753057
225.005312
129.447345243
166.393580881
165.696956442
201.937196905
168.485316864
80.1692588702
143.966968483
330.648813656
278.892192354
249.21018928
140.88828516
227.775905321
150.38799233
297.936308889
282.40128925
123.92172097
16.7629324758
107.227986466
144.049542966
24.1357980061
77.2814038474
214.006536925
50.0536535509
491.708992461
194.054952846
216.093475028
72.9378910166
68.270722356
81.2621770928
92.2307123275
150.606110217
198.460567114
312.999847814
225.559448364
92.0449126551
108.616589952
103.278364034
245.539009536
71.8473992593
363.569244314
157.762444291
345.361156574
102.55056192
126.505917446
37.4387559303
234.518207278
352.591780508
189.766338816
16.6822314134
174.498811347
107.116124551
70.8906924267
190.833736578
81.7498257649
189.491045896
127.490390524
78.667572031
198.870913855
43.7829305215
156.949480903
113.197420773
169.922709416
189.669703835
81.8265949662
125.54049917
113.342624753
71.3127185321
67.7699945062
219.841102459
48.040487998
252.15319058
47.6121066815
60.5955617449
182.216278985
119.244276013
319.357645315
149.012026897
197.980474036
143.763093673
109.370996372
58.4356174289
111.30407493
118.457683813
18.6410746688
260.622329874
263.900761234
108.91281844
157.936707241
49.5528740369
141.465218388
126.721506528
191.359085452
165.04449052
83.6209598565
138.837388884
229.418833973
183.284080151
19.9711461199
181.278262535
182.390117211
101.526870162
91.7900685229
266.030363836
168.681025562
245.458023011
190.267217265
155.917442985
132.311285009
247.384342107
248.558582443
238.775400132
188.455713919
46.6626174875
46.5636305097
120.883174352
192.846049725
80.5567288388
184.829928711
166.551582083
227.269818314
219.4005627
184.543828541
248.304406542
308.378132627
280.166271623
226.846141564
147.358498162
37.1361415728
199.759258186
315.443469482
412.970443251
60.8508966505
356.56287796
271.915125253
104.813355024
250.379211778
117.33987861
186.121235098
85.4035137789
243.356395361
108.555775285
466.5691308
189.642466711
287.521668989
276.906814242
272.886547209
370.682638776
375.217814908
147.004004318
208.018153484
401.761318774
472.532355922
390.792811919
182.445078681
142.45039859
286.348275988
260.873081882
268.458185046
81.1296562272
609.274942168
212.121888828
122.686957675
491.81399066
322.766742288
306.110426514
405.639480279
512.421547651
325.812968303
158.022593682
283.854406939
409.955052134
114.9585157
228.229938422
135.615593116
554.424531301
406.822468018
463.785078429
354.00149132
143.633910057
336.338548466
102.209678554
321.638547228
294.085520437
145.404731686
235.276629769
188.008012364
354.511133777
457.048503627
514.201342973
316.437750584
258.151121406
609.293684287
664.793725617
355.232668902
633.239760405
247.345208254
223.404800841
156.886670113
590.149307359
567.107179903
541.648768537
159.024115867
440.815769853
218.430550709
611.5717737
104.047895233
396.742356353
468.556654786
255.44100414
286.625093753
722.187355966
356.115991385
356.103002757
26.4370361423
371.26450381
105.136019736
329.48332129
317.413371358
156.999478379
213.15524055
578.694099896
132.717196878
207.903416894
268.078810625
637.765286401
46.6146286339
575.492487383
282.786610132
208.369191246
410.452847367
67.7790087559
251.904636804
97.5322734232
391.596300707
339.025584379
952.310151421
467.825458223
177.537942672
550.679009843
188.86572038
294.004802697
585.767950886
445.846138105
86.1043782828
344.631638311
373.914977633
256.821471118
431.454279262
394.766604211
177.154035957
95.0015437544
278.960710677
366.654904838
211.226394078
155.888103102
314.717940481
235.323586889
250.314334288
383.60396244
198.149162622
111.349634029
264.940522933
104.72305682
276.545247172
431.920312334
225.745501601
126.141455896
302.623313292
415.257049537
575.225931316
309.924343092
269.274817593
325.156629181
9.09137614169
476.231494745
591.809831672
321.286538617
121.049733813
541.060487575
172.056792762
515.917997547
944.513257605
308.443128416
379.720735701
149.924878851
126.761286769
215.221635481
287.477634516
127.883340814
167.671924615
558.714549371
86.2954857458
373.818676517
192.81795998
287.835436053
78.3871966297
569.012859521
179.046522125
372.278339941
405.008430978
385.499609464
339.234827778
491.990844839
33.5671598722
256.699817654
418.502416068
586.052761868
247.618151651
146.383502444
337.538621798
371.972697114
103.616864921
566.684211904
134.634365455
397.90036089
104.078633917
397.214290756
559.095881845
601.960278293
198.332626027
186.182534159
357.768559716
582.776041819
386.989755208
512.613238308
468.633369973
268.225290459
353.452954857
331.377586017
493.700118479
317.692203346
70.3125306879
418.30779654
221.510994289
268.096054596
269.334442085
247.815811204
497.415661557
107.583425386
281.292595189
456.227469782
344.237641424
582.341391839
97.1767168547
153.297247218
72.6112428296
480.039780984
88.6155751244
210.601523544
243.097318579
369.47044421
375.578944677
211.022774267
350.531890297
346.297707189
257.825306701
136.297811258
539.784936197
231.447999832
333.69606334
123.806250039
291.104265051
150.019028991
234.792145784
261.383259533
286.174892332
261.904280842
192.338899331
31.6412051105
382.125149638
327.398801581
229.694270583
168.098229667
189.50850253
71.7571160144
384.290793955
129.111390886
151.17983448
166.514019516
28.3844931921
112.286851078
248.764052762
115.068750712
173.647614948
391.293953754
117.071779669
285.669346839
106.591798952
304.498218927
279.582094597
181.93134977
131.259105505
257.120414602
358.497103577
166.996430378
241.494845592
183.216973723
302.17776891
81.4415087248
222.253037784
87.7290526302
204.103675226
83.7835065478
155.077536365
99.4483242332
59.846493497
128.239019375
286.267911809
124.533260658
166.144001094
86.0110413799
298.033326169
91.3795939974
88.2378817481
84.0389688492
186.826853203
10.2448435236
103.482104042
73.1171244593
134.195610245
62.7795383566
220.40784165
63.7853479103
134.219925322
89.0074597508
203.378797412
148.924473315
112.46721497
26.6999534617
67.0927530467
143.104844605
170.154390134
165.053722553
106.95987222
140.091959507
152.38068715
101.686754466
205.506998484
215.851183136
131.504732857
121.223044582
248.446950739
86.6385449733
87.0295845361
76.5705036226
82.4802738008
129.089350029
105.477496207
80.7326596329
162.996675098
33.6602313542
62.6438724943
161.875670398
93.6352880373
164.154941278
66.7374483541
151.339610081
84.9976791269
75.7578686398
55.4819146786
76.9185183424
141.816645084
125.713886768
38.4663556376
103.748683389
99.245803582
92.872351623
56.854717813
82.9952631028
43.8945909715
198.590427468
68.0420185302
55.3359342083
126.591559405
134.52821592
187.804279676
121.786915302
142.765302566
4.24423059343
123.853962484
100.59658892
100.246760603
117.176892805
182.682169813
170.506736998
220.435574815
125.140873337
271.481218836
93.6674009274
233.907897577
135.232356528
148.545057211
73.4241067604
166.365919734
36.9633244663
94.024334875
48.1681118252
44.1336203752
112.102380051
97.607030711
60.3581172548
157.356822172
184.26233338
210.585895748
88.8506734064
249.598231656
7.63000336793
235.48618732
169.244161819
194.685748955
241.803919945
149.38218003
99.2639903606
166.186390656
82.1221373679
264.096288636
47.0707535761
95.2124211706
212.897205298
185.108698569
153.413754663
216.332793247
221.206748664
155.830468803
254.497538147
23.2874273142
254.301364604
103.112005271
280.667607588
194.539065077
377.347669943
44.039489553
252.608466502
167.299383296
89.4759877296
171.585240774
92.579443276
76.6081855716
182.802702847
318.20394759
139.871634166
311.517756301
95.9902807522
181.090136202
190.37645657
236.727548414
256.730346123
335.615290428
118.861098558
160.046678672
263.175086045
288.562905737
309.792230972
250.766075755
102.599430829
165.961456044
54.3856496234
286.050708309
176.417000167
440.710342001
180.999894078
142.548720502
326.315841807
316.884468325
101.419871621
368.345273219
325.168818239
289.28005424
265.235488291
188.074257987
386.58351829
163.212622508
100.774747707
97.0139751527
354.726237681
215.861071257
318.499534715
278.295089795
138.443310904
389.860494437
320.303235215
215.104301259
282.048853989
159.704690291
314.01288988
149.206525356
214.523910052
348.999109346
310.312871064
208.52115645
296.284914602
424.525097528
395.5570444
320.864587753
509.401461155
281.51535214
225.946556679
176.688527435
536.578725162
502.886511963
394.172002999
157.392226734
371.673260526
108.203920045
444.585539283
94.2892316694
237.451617946
344.800696714
242.947954803
146.321211781
572.631934965
221.141871418
171.439860544
53.971280089
444.627366297
223.526208829
275.251297017
298.446636386
265.049969465
132.450115508
411.95247841
112.607261481
166.647502442
150.120125907
362.57760375
70.6252737126
543.303054239
119.442177713
200.180855388
155.433734159
97.0633055048
135.850621762
93.0394784364
323.419186923
342.830284038
809.894843825
332.934315105
24.1274659109
361.215523559
98.5405033826
302.110830396
533.809837754
297.153767879
80.0442424823
306.262832386
181.845525011
192.240746722
316.524007821
409.226726676
147.013560449
112.247631817
162.410210073
433.845598771
146.007609645
177.516948814
128.608569962
189.227598286
173.974745471
366.356146454
147.700397017
150.465933307
95.3320314399
70.4898940105
159.3792136
371.552350871
158.753271773
50.4941872334
127.480190341
402.976950534
333.31753457
181.752885124
281.757489681
265.856805373
44.3246725867
308.790327603
445.068591155
248.631875404
135.722637273
491.033048161
186.45183798
375.594654114
788.547579675
314.697255792
243.653058385
20.4972640948
152.150863036
55.3200909873
179.92356654
183.71856653
293.804252714
437.619371414
103.104396694
333.56817237
197.223690657
218.751330852
132.165495305
464.726060226
153.411556996
236.731962223
258.347656018
313.919241819
187.679300652
356.463108411
81.1794696849
250.446080324
346.176932849
584.422015389
194.432424426
211.40604789
285.13199669
271.112942944
59.1456594407
452.341160362
208.317590348
431.473982726
177.577480076
384.397398987
510.622245289
407.007977853
215.433587754
147.225961483
232.188116229
527.804364561
303.093223305
374.496653557
532.112049411
303.557225953
231.167523881
195.023889607
492.61090085
172.380405938
179.248280237
228.576710616
148.753796017
211.612147126
252.738395606
179.879313719
472.657612924
90.0056064835
170.039862015
391.606279489
163.430881154
405.642250275
121.64412723
126.069451308
39.0689804857
335.19392077
118.259937134
295.348801942
209.381576668
339.820239778
354.780410447
244.385189947
128.837275051
274.738352656
243.348230602
185.697751397
440.048286982
193.564076526
231.395220124
115.44950793
194.471708212
48.7044075049
174.018748069
323.209441434
271.417834602
338.020872369
142.224401512
116.66039567
355.502566713
347.937382153
190.683290258
233.863717471
182.332719752
89.1697441606
305.061878587
32.2242148617
170.848760672
119.296566514
86.6126913772
150.341217408
186.243201681
92.4863428722
134.099426066
162.422844397
23.5204956756
246.414949807
118.270620619
221.566011497
109.240105432
167.271780957
97.544134033
191.892482307
262.331352872
87.5738457862
54.585924815
205.947376134
276.211258725
53.1714483804
175.85214935
79.8783866908
162.303559895
85.6003782297
208.435882679
82.7164210451
129.69831593
85.3293110617
282.527276232
63.5693892544
203.730238533
81.5997769401
199.817442599
92.5831105304
105.757424653
177.872009851
97.7248883929
67.8804705048
120.818819617
105.627780685
118.470849845
53.3300560374
123.468183316
63.0758152245
144.557583633
70.6158964152
203.308831462
26.0669527981
57.4979337675
32.4227918203
45.9085208647
80.8922216161
31.0518410891
174.680104117
87.1623440507
178.028905261
20.6352963377
51.7717198782
39.0864894911
53.4491904868
80.2173970314
91.9151350792
195.399647902
42.1783286984
72.5696219253
75.523621837
36.8273929781
89.3827713084
115.770582876
70.7896935934
98.1673836042
74.5852317366
80.7502303974
228.319379703
32.8521075561
53.165437098
150.958141349
65.3563781793
39.8718700243
23.1312558015
60.2358688016
75.751144823
125.845494048
77.3875588212
13.8695233755
92.6231449827
80.9589095401
21.1148754328
181.669176522
83.6143566731
225.817021009
137.455040959
48.2863495434
52.507452407
136.626208306
95.0827814197
152.593365433
154.282438769
92.4900792252
49.9246536976
138.779604429
97.695256242
86.3074263629
158.108480234
36.9060520138
235.569399151
80.4911506717
27.9378399577
89.7899229691
48.9530954443
89.2002622733
19.3754804064
152.682846251
60.2205284183
104.076286073
42.7135234978
155.406852745
64.14458104
72.7792277382
176.656352355
60.3265401321
72.9114451761
91.5781256273
87.7538325375
153.655817071
118.459362959
214.292847062
118.555891941
279.189872418
151.210128215
190.161129396
165.481793243
58.363185848
33.4855139807
117.106233414
31.5637091974
108.72807789
75.9633347023
144.098643995
63.0337455543
188.910737475
133.065657533
98.2849469317
229.858986458
188.812098085
233.576058999
207.505236396
75.2565941622
54.9681488871
173.297009695
145.988177091
220.184552162
77.9910715871
174.180575311
203.938877229
23.5113777969
123.368270851
17.8617157078
13.3984191023
190.220967471
242.642175553
73.6138450011
334.289709124
108.348094707
231.768379364
216.396693242
230.644616786
217.67729263
244.95246566
104.62119122
133.063739551
196.541420686
217.862497262
259.291199123
160.737255447
75.8305025439
273.226468446
72.335672047
264.111537935
108.077879783
374.920413692
113.140664262
166.201135759
351.504407402
121.805916131
239.508114861
322.809486942
287.933774431
144.358673286
200.305572551
83.4240099644
346.448252022
19.6246854027
164.966378741
95.0389102364
338.270297381
211.046127813
322.935831067
192.348864303
151.144160731
333.993701721
217.581782914
279.809088805
311.308897484
98.2456125404
200.39400744
194.403120225
148.290475641
431.241169606
280.817687165
183.317191139
274.149584168
447.359900324
333.072890364
318.675067301
475.927179197
277.023067069
208.647215148
213.293039833
395.226739238
321.564203891
302.545487478
80.2071285136
324.326744953
128.06754328
429.966991614
42.0257097154
294.606227717
271.080317542
155.986455049
168.618729328
582.977216647
289.507228638
187.153944985
118.526068953
303.473737549
235.070124684
236.127601483
221.164173628
132.228618253
83.0249989984
408.492022109
80.4760882184
78.5386321805
86.1238571622
397.509347084
152.055515561
425.467625992
192.301196031
178.369756111
198.5477579
129.418126203
135.042862196
78.6708232191
270.207256774
172.484912696
608.076029846
335.580449547
125.693111575
325.351612825
155.755445876
252.722269809
465.37376797
211.99596565
70.4047701536
329.437449458
164.97489104
199.230408001
307.051517104
348.259056524
103.218965781
55.2945606857
195.465490055
363.377811385
185.779381022
146.910127664
79.1885799584
187.73690013
70.9657047414
282.166917141
117.376953952
139.430201311
95.649930396
138.082402902
220.352666566
325.245452318
138.068879398
124.830209564
95.9253262138
368.942694874
281.891495678
196.748385209
229.719597178
232.06164851
76.8487798563
233.167427223
425.220163983
251.346683836
167.460180456
323.581506416
181.745003043
298.554890198
679.845312048
279.055713412
300.589212963
81.2372627326
53.3954143349
120.714007008
109.488165481
161.460669132
144.043083295
433.697967778
82.5058154005
274.929773448
97.7824485821
190.377827699
101.723556248
408.633276021
23.3655688283
205.472912686
257.577030252
236.686638176
256.417498776
319.461095173
77.1710955762
130.7948299
234.125411482
512.880473068
145.5980767
194.210933002
315.21009008
286.86420676
19.342810259
438.914073747
166.629193222
217.347571994
127.964680924
329.426494618
378.992592551
379.319186318
129.784596832
245.913558197
244.997386476
451.208666091
257.132610195
342.50637327
400.846932784
190.848806501
167.875973162
288.970980083
366.574411976
253.513818003
140.845728155
279.393022451
116.956494435
312.699895944
113.406748259
203.843367867
376.31684287
40.0172898763
236.109686587
306.457594117
203.783916708
373.911798653
62.5259950772
118.781773925
63.8716321166
279.672396301
142.922902559
207.407490333
252.915281669
272.588959458
254.59188138
127.934525802
245.312807578
204.949561082
147.467535212
163.072006165
383.285181899
108.19943474
205.788750834
46.5483910115
158.139905118
141.388594121
162.163961303
261.162434228
212.069618533
175.566832624
196.80160281
91.9951542457
277.242602523
254.905962024
157.749995372
173.596070803
187.545741718
124.61043803
237.442239948
38.2253844145
144.34881118
132.685521239
25.8027382612
142.058516095
168.474051727
78.3637655753
218.930368717
218.354843058
36.8130559559
206.068132121
64.8610540875
210.853572202
183.099763472
171.459564705
135.204067037
305.432502198
269.643319832
150.562083359
132.49980933
250.315974819
135.710062047
88.5098962157
129.078992564
30.7725282918
120.170873091
15.2060879856
211.215220261
114.712521833
97.5603037156
34.9341572511
115.321728509
39.4399480809
178.392764679
127.135566438
154.929601207
95.7914366306
67.2523433453
160.419939072
62.596755615
28.4294525138
65.6019440261
140.679455747
129.516253614
52.2194655887
96.3547371654
55.3774619224
159.776430614
82.6992995426
178.912317504
86.027576857
57.7679421106
19.5954710899
94.9406998967
51.7235216944
94.7025539421
213.747336175
15.6652484046
152.170154409
116.573062316
64.0160478785
41.9856888445
69.0951290953
89.9751583567
58.0931146496
141.767971113
52.5271441189
155.227336048
45.0585281692
54.1321277685
83.6505435041
149.87244758
41.425196794
58.9763194302
156.172356711
88.8452442313
168.912198153
44.3861878822
113.500045771
61.7551627634
12.5721491698
101.883068042
126.0
101.883068042
12.5721491698
61.7551627634
113.500045771
44.3861878822
168.912198153
88.8452442313
156.172356711
58.9763194302
41.425196794
149.87244758
83.6505435041
54.1321277685
45.0585281692
155.227336048
52.5271441189
141.767971113
58.0931146496
89.9751583567
69.0951290953
41.9856888445
64.0160478785
116.573062316
152.170154409
15.6652484046
213.747336175
94.7025539421
51.7235216944
94.9406998967
19.5954710899
57.7679421106
86.027576857
178.912317504
82.6992995426
159.776430614
55.3774619224
96.3547371654
52.2194655887
129.516253614
140.679455747
65.6019440261
28.4294525138
62.596755615
160.419939072
67.2523433453
95.7914366306
154.929601207
127.135566438
178.392764679
39.4399480809
115.321728509
34.9341572511
97.5603037156
114.712521833
211.215220261
15.2060879856
120.170873091
30.7725282918
129.078992564
88.5098962157
135.710062047
250.315974819
132.49980933
150.562083359
269.643319832
305.432502198
135.204067037
171.459564705
183.099763472
210.853572202
64.8610540875
206.068132121
36.8130559559
218.354843058
218.930368717
78.3637655753
168.474051727
142.058516095
25.8027382612
132.685521239
144.34881118
38.2253844145
237.442239948
124.61043803
187.545741718
173.596070803
157.749995372
254.905962024
277.242602523
91.9951542457
196.80160281
175.566832624
212.069618533
261.162434228
162.163961303
141.388594121
158.139905118
46.5483910115
205.788750834
108.19943474
383.285181899
163.072006165
147.467535212
204.949561082
245.312807578
127.934525802
254.59188138
272.588959458
252.915281669
207.407490333
142.922902559
279.672396301
63.8716321166
118.781773925
62.5259950772
373.911798653
203.783916708
306.457594117
236.109686587
40.0172898763
376.31684287
203.843367867
113.406748259
312.699895944
116.956494435
279.393022451
140.845728155
253.513818003
366.574411976
288.970980083
167.875973162
190.848806501
400.846932784
342.50637327
257.132610195
451.208666091
244.997386476
245.913558197
129.784596832
379.319186318
378.992592551
329.426494618
127.964680924
217.347571994
166.629193222
438.914073747
19.342810259
286.86420676
315.21009008
194.210933002
145.5980767
512.880473068
234.125411482
130.7948299
77.1710955762
319.461095173
256.417498776
236.686638176
257.577030252
205.472912686
23.3655688283
408.633276021
101.723556248
190.377827699
97.7824485821
274.929773448
82.5058154005
433.697967778
144.043083295
161.460669132
109.488165481
120.714007008
53.3954143349
81.2372627326
300.589212963
279.055713412
679.845312048
298.554890198
181.745003043
323.581506416
167.460180456
251.346683836
425.220163983
233.167427223
76.8487798563
232.06164851
229.719597178
196.748385209
281.891495678
368.942694874
95.9253262138
124.830209564
138.068879398
325.245452318
220.352666566
138.082402902
95.649930396
139.430201311
117.376953952
282.166917141
70.9657047414
187.73690013
79.1885799584
146.910127664
185.779381022
363.377811385
195.465490055
55.2945606857
103.218965781
348.259056524
307.051517104
199.230408001
164.97489104
329.437449458
70.4047701536
211.99596565
465.37376797
252.722269809
155.755445876
325.351612825
125.693111575
335.580449547
608.076029846
172.484912696
270.207256774
78.6708232191
135.042862196
129.418126203
198.5477579
178.369756111
192.301196031
425.467625992
152.055515561
397.509347084
86.1238571622
78.5386321805
80.4760882184
408.492022109
83.0249989984
132.228618253
221.164173628
236.127601483
235.070124684
303.473737549
118.526068953
187.153944985
289.507228638
582.977216647
168.618729328
155.986455049
271.080317542
294.606227717
42.0257097154
429.966991614
128.06754328
324.326744953
80.2071285136
302.545487478
321.564203891
395.226739238
213.293039833
208.647215148
277.023067069
475.927179197
318.675067301
333.072890364
447.359900324
274.149584168
183.317191139
280.817687165
431.241169606
148.290475641
194.403120225
200.39400744
98.2456125404
311.308897484
279.809088805
217.581782914
333.993701721
151.144160731
192.348864303
322.935831067
211.046127813
338.270297381
95.0389102364
164.966378741
19.6246854027
346.448252022
83.4240099644
200.305572551
144.358673286
287.933774431
322.809486942
239.508114861
121.805916131
351.504407402
166.201135759
113.140664262
374.920413692
108.077879783
264.111537935
72.335672047
273.226468446
75.8305025439
160.737255447
259.291199123
217.862497262
196.541420686
133.063739551
104.62119122
244.95246566
217.67729263
230.644616786
216.396693242
231.768379364
108.348094707
334.289709124
73.6138450011
242.642175553
190.220967471
13.3984191023
17.8617157078
123.368270851
23.5113777969
203.938877229
174.180575311
77.9910715871
220.184552162
145.988177091
173.297009695
54.9681488871
75.2565941622
207.505236396
233.576058999
188.812098085
229.858986458
98.2849469317
133.065657533
188.910737475
63.0337455543
144.098643995
75.9633347023
108.72807789
31.5637091974
117.106233414
33.4855139807
58.363185848
165.481793243
190.161129396
151.210128215
279.189872418
118.555891941
214.292847062
118.459362959
153.655817071
87.7538325375
91.5781256273
72.9114451761
60.3265401321
176.656352355
72.7792277382
64.14458104
155.406852745
42.7135234978
104.076286073
60.2205284183
152.682846251
19.3754804064
89.2002622733
48.9530954443
89.7899229691
27.9378399577
80.4911506717
235.569399151
36.9060520138
158.108480234
86.3074263629
97.695256242
138.779604429
49.9246536976
92.4900792252
154.282438769
152.593365433
95.0827814197
136.626208306
52.507452407
48.2863495434
137.455040959
225.817021009
83.6143566731
181.669176522
21.1148754328
80.9589095401
92.6231449827
13.8695233755
77.3875588212
125.845494048
75.751144823
60.2358688016
23.1312558015
39.8718700243
65.3563781793
150.958141349
53.165437098
32.8521075561
228.319379703
80.7502303974
74.5852317366
98.1673836042
70.7896935934
115.770582876
89.3827713084
36.8273929781
75.523621837
72.5696219253
42.1783286984
195.399647902
91.9151350792
80.2173970314
53.4491904868
39.0864894911
51.7717198782
20.6352963377
178.028905261
87.1623440507
174.680104117
31.0518410891
80.8922216161
45.9085208647
32.4227918203
57.4979337675
26.0669527981
203.308831462
70.6158964152
144.557583633
63.0758152245
123.468183316
53.3300560374
118.470849845
105.627780685
120.818819617
67.8804705048
97.7248883929
177.872009851
105.757424653
92.5831105304
199.817442599
81.5997769401
203.730238533
63.5693892544
282.527276232
85.3293110617
129.69831593
82.7164210451
208.435882679
85.6003782297
162.303559895
79.8783866908
175.85214935
53.1714483804
276.211258725
205.947376134
54.585924815
87.5738457862
262.331352872
191.892482307
97.544134033
167.271780957
109.240105432
221.566011497
118.270620619
246.414949807
23.5204956756
162.422844397
134.099426066
92.4863428722
186.243201681
150.341217408
86.6126913772
119.296566514
170.848760672
32.2242148617
305.061878587
89.1697441606
182.332719752
233.863717471
190.683290258
347.937382153
355.502566713
116.66039567
142.224401512
338.020872369
271.417834602
323.209441434
174.018748069
48.7044075049
194.471708212
115.44950793
231.395220124
193.564076526
440.048286982
185.697751397
243.348230602
274.738352656
128.837275051
244.385189947
354.780410447
339.820239778
209.381576668
295.348801942
118.259937134
335.19392077
39.0689804857
126.069451308
121.64412723
405.642250275
163.430881154
391.606279489
170.039862015
90.0056064835
472.657612924
179.879313719
252.738395606
211.612147126
148.753796017
228.576710616
179.248280237
172.380405938
492.61090085
195.023889607
231.167523881
303.557225953
532.112049411
374.496653557
303.093223305
527.804364561
232.188116229
147.225961483
215.433587754
407.007977853
510.622245289
384.397398987
177.577480076
431.473982726
208.317590348
452.341160362
59.1456594407
271.112942944
285.13199669
211.40604789
194.432424426
584.422015389
346.176932849
250.446080324
81.1794696849
356.463108411
187.679300652
313.919241819
258.347656018
236.731962223
153.411556996
464.726060226
132.165495305
218.751330852
197.223690657
333.56817237
103.104396694
437.619371414
293.804252714
183.71856653
179.92356654
55.3200909873
152.150863036
20.4972640948
243.653058385
314.697255792
788.547579675
375.594654114
186.45183798
491.033048161
135.722637273
248.631875404
445.068591155
308.790327603
44.3246725867
265.856805373
281.757489681
181.752885124
333.31753457
402.976950534
127.480190341
50.4941872334
158.753271773
371.552350871
159.3792136
70.4898940105
95.3320314399
150.465933307
147.700397017
366.356146454
173.974745471
189.227598286
128.608569962
177.516948814
146.007609645
433.845598771
162.410210073
112.247631817
147.013560449
409.226726676
316.524007821
192.240746722
181.845525011
306.262832386
80.0442424823
297.153767879
533.809837754
302.110830396
98.5405033826
361.215523559
24.1274659109
332.934315105
809.894843825
342.830284038
323.419186923
93.0394784364
135.850621762
97.0633055048
155.433734159
200.180855388
119.442177713
543.303054239
70.6252737126
362.57760375
150.120125907
166.647502442
112.607261481
411.95247841
132.450115508
265.049969465
298.446636386
275.251297017
223.526208829
444.627366297
53.971280089
171.439860544
221.141871418
572.631934965
146.321211781
242.947954803
344.800696714
237.451617946
94.2892316694
444.585539283
108.203920045
371.673260526
157.392226734
394.172002999
502.886511963
536.578725162
176.688527435
225.946556679
281.51535214
509.401461155
320.864587753
395.5570444
424.525097528
296.284914602
208.52115645
310.312871064
348.999109346
214.523910052
149.206525356
314.01288988
159.704690291
282.048853989
215.104301259
320.303235215
389.860494437
138.443310904
278.295089795
318.499534715
215.861071257
354.726237681
97.0139751527
100.774747707
163.212622508
386.58351829
188.074257987
265.235488291
289.28005424
325.168818239
368.345273219
101.419871621
316.884468325
326.315841807
142.548720502
180.999894078
440.710342001
176.417000167
286.050708309
54.3856496234
165.961456044
102.599430829
250.766075755
309.792230972
288.562905737
263.175086045
160.046678672
118.861098558
335.615290428
256.730346123
236.727548414
190.37645657
181.090136202
95.9902807522
311.517756301
139.871634166
318.20394759
182.802702847
76.6081855716
92.579443276
171.585240774
89.4759877296
167.299383296
252.608466502
44.039489553
377.347669943
194.539065077
280.667607588
103.112005271
254.301364604
23.2874273142
254.497538147
155.830468803
221.206748664
216.332793247
153.413754663
185.108698569
212.897205298
95.2124211706
47.0707535761
264.096288636
82.1221373679
166.186390656
99.2639903606
149.38218003
241.803919945
194.685748955
169.244161819
235.48618732
7.63000336793
249.598231656
88.8506734064
210.585895748
184.26233338
157.356822172
60.3581172548
97.607030711
112.102380051
44.1336203752
48.1681118252
94.024334875
36.9633244663
166.365919734
73.4241067604
148.545057211
135.232356528
233.907897577
93.6674009274
271.481218836
125.140873337
220.435574815
170.506736998
182.682169813
117.176892805
100.246760603
100.59658892
123.853962484
4.24423059343
142.765302566
121.786915302
187.804279676
134.52821592
126.591559405
55.3359342083
68.0420185302
198.590427468
43.8945909715
82.9952631028
56.854717813
92.872351623
99.245803582
103.748683389
38.4663556376
125.713886768
141.816645084
76.9185183424
55.4819146786
75.7578686398
84.9976791269
151.339610081
66.7374483541
164.154941278
93.6352880373
161.875670398
62.6438724943
33.6602313542
162.996675098
80.7326596329
105.477496207
129.089350029
82.4802738008
76.5705036226
87.0295845361
86.6385449733
248.446950739
121.223044582
131.504732857
215.851183136
205.506998484
101.686754466
152.38068715
140.091959507
106.95987222
165.053722553
170.154390134
143.104844605
67.0927530467
26.6999534617
112.46721497
148.924473315
203.378797412
89.0074597508
134.219925322
63.7853479103
220.40784165
62.7795383566
134.195610245
73.1171244593
103.482104042
10.2448435236
186.826853203
84.0389688492
88.2378817481
91.3795939974
298.033326169
86.0110413799
166.144001094
124.533260658
286.267911809
128.239019375
59.846493497
99.4483242332
155.077536365
83.7835065478
204.103675226
87.7290526302
222.253037784
81.4415087248
302.17776891
183.216973723
241.494845592
166.996430378
358.497103577
257.120414602
131.259105505
181.93134977
279.582094597
304.498218927
106.591798952
285.669346839
117.071779669
391.293953754
173.647614948
115.068750712
248.764052762
112.286851078
28.3844931921
166.514019516
151.17983448
129.111390886
384.290793955
71.7571160144
189.50850253
168.098229667
229.694270583
327.398801581
382.125149638
31.6412051105
192.338899331
261.904280842
286.174892332
261.383259533
234.792145784
150.019028991
291.104265051
123.806250039
333.69606334
231.447999832
539.784936197
136.297811258
257.825306701
346.297707189
350.531890297
211.022774267
375.578944677
369.47044421
243.097318579
210.601523544
88.6155751244
480.039780984
72.6112428296
153.297247218
97.1767168547
582.341391839
344.237641424
456.227469782
281.292595189
107.583425386
497.415661557
247.815811204
269.334442085
268.096054596
221.510994289
418.30779654
70.3125306879
317.692203346
493.700118479
331.377586017
353.452954857
268.225290459
468.633369973
512.613238308
386.989755208
582.776041819
357.768559716
186.182534159
198.332626027
601.960278293
559.095881845
397.214290756
104.078633917
397.90036089
134.634365455
566.684211904
103.616864921
371.972697114
337.538621798
146.383502444
247.618151651
586.052761868
418.502416068
256.699817654
33.5671598722
491.990844839
339.234827778
385.499609464
405.008430978
372.278339941
179.046522125
569.012859521
78.3871966297
287.835436053
192.81795998
373.818676517
86.2954857458
558.714549371
167.671924615
127.883340814
287.477634516
215.221635481
126.761286769
149.924878851
379.720735701
308.443128416
944.513257605
515.917997547
172.056792762
541.060487575
121.049733813
321.286538617
591.809831672
476.231494745
9.09137614169
325.156629181
269.274817593
309.924343092
575.225931316
415.257049537
302.623313292
126.141455896
225.745501601
431.920312334
276.545247172
104.72305682
264.940522933
111.349634029
198.149162622
383.60396244
250.314334288
235.323586889
314.717940481
155.888103102
211.226394078
366.654904838
278.960710677
95.0015437544
177.154035957
394.766604211
431.454279262
256.821471118
373.914977633
344.631638311
86.1043782828
445.846138105
585.767950886
294.004802697
188.86572038
550.679009843
177.537942672
467.825458223
952.310151421
339.025584379
391.596300707
97.5322734232
251.904636804
67.7790087559
410.452847367
208.369191246
282.786610132
575.492487383
46.6146286339
637.765286401
268.078810625
207.903416894
132.717196878
578.694099896
213.15524055
156.999478379
317.413371358
329.48332129
105.136019736
371.26450381
26.4370361423
356.103002757
356.115991385
722.187355966
286.625093753
255.44100414
468.556654786
396.742356353
104.047895233
611.5717737
218.430550709
440.815769853
159.024115867
541.648768537
567.107179903
590.149307359
156.886670113
223.404800841
247.345208254
633.239760405
355.232668902
664.793725617
609.293684287
258.151121406
316.437750584
514.201342973
457.048503627
354.511133777
188.008012364
235.276629769
145.404731686
294.085520437
321.638547228
102.209678554
336.338548466
143.633910057
354.00149132
463.785078429
406.822468018
554.424531301
135.615593116
228.229938422
114.9585157
409.955052134
283.854406939
158.022593682
325.812968303
512.421547651
405.639480279
306.110426514
322.766742288
491.81399066
122.686957675
212.121888828
609.274942168
81.1296562272
268.458185046
260.873081882
286.348275988
142.45039859
182.445078681
390.792811919
472.532355922
401.761318774
208.018153484
147.004004318
375.217814908
370.682638776
272.886547209
276.906814242
287.521668989
189.642466711
466.5691308
108.555775285
243.356395361
85.4035137789
186.121235098
117.33987861
250.379211778
104.813355024
271.915125253
356.56287796
60.8508966505
412.970443251
315.443469482
199.759258186
37.1361415728
147.358498162
226.846141564
280.166271623
308.378132627
248.304406542
184.543828541
219.4005627
227.269818314
166.551582083
184.829928711
80.5567288388
192.846049725
120.883174352
46.5636305097
46.6626174875
188.455713919
238.775400132
248.558582443
247.384342107
132.311285009
155.917442985
190.267217265
245.458023011
168.681025562
266.030363836
91.7900685229
101.526870162
182.390117211
181.278262535
19.9711461199
183.284080151
229.418833973
138.837388884
83.6209598565
165.04449052
191.359085452
126.721506528
141.465218388
49.5528740369
157.936707241
108.91281844
263.900761234
260.622329874
18.6410746688
118.457683813
111.30407493
58.4356174289
109.370996372
143.763093673
197.980474036
149.012026897
319.357645315
119.244276013
182.216278985
60.5955617449
47.6121066815
252.15319058
48.040487998
219.841102459
67.7699945062
71.3127185321
113.342624753
125.54049917
81.8265949662
189.669703835
169.922709416
113.197420773
156.949480903
43.7829305215
198.870913855
78.667572031
127.490390524
189.491045896
81.7498257649
190.833736578
70.8906924267
107.116124551
174.498811347
16.6822314134
189.766338816
352.591780508
234.518207278
37.4387559303
126.505917446
102.55056192
345.361156574
157.762444291
363.569244314
71.8473992593
245.539009536
103.278364034
108.616589952
92.0449126551
225.559448364
312.999847814
198.460567114
150.606110217
92.2307123275
81.2621770928
68.270722356
72.9378910166
216.093475028
194.054952846
491.708992461
50.0536535509
214.006536925
77.2814038474
24.1357980061
144.049542966
107.227986466
16.7629324758
123.92172097
282.40128925
297.936308889
150.38799233
227.775905321
140.88828516
249.21018928
278.892192354
330.648813656
143.966968483
80.1692588702
168.485316864
201.937196905
165.696956442
166.393580881
129.447345243
225.005312
299.712753057
288.813589049
248.269613261
278.964248601
407.745926576
389.268160224
352.107379077
119.878621343
281.641583566
263.021983786
406.134232586
204.644853327
385.520533054
86.5457867686
429.418586506
391.300687312
148.822847602
252.514589719
327.542336314
121.879146527
385.405930873
392.936964065
55.9942675769
431.089261762
251.433169468
402.097666898
437.429714912
490.250509002
450.385692627
597.13839347
153.069667254
180.352764113
408.122864694
447.331389604
464.456273065
416.875723084
323.824826683
403.434869038
245.136592086
379.100834066
47.9666361044
778.275675328
252.467024085
85.4434000257
389.565304009
421.703516414
268.448441234
618.5264752
539.305227951
395.308541108
503.267003086
209.739332425
659.842520499
206.334048725
337.938153059
150.681310156
778.275565752
536.06542499
524.511642466
286.434154383
52.5396305631
709.573299326
288.568248577
323.391523935
473.411908516
110.050711187
405.748139042
148.521585901
381.701306109
965.770812013
426.061365331
369.368722941
541.838748393
787.301164629
609.768885206
534.222890076
987.940897932
435.628483495
393.09923626
377.671265436
770.077350681
882.303489005
706.140392362
344.73334994
709.586680453
333.115090089
966.30351879
168.493936563
542.944196496
521.469268249
389.323675966
334.794630364
1124.16088235
646.706503764
475.890225245
239.0120072
722.016994428
541.340486158
618.848425706
515.335404214
651.323662137
155.464947181
904.199773896
211.436848892
356.905214902
314.21629866
476.007075417
266.239030503
1030.89395712
761.445052518
431.517508768
263.385861656
80.0932232058
298.682185916
164.115214817
495.857307588
509.501186055
1612.13553961
705.450559897
254.246470387
690.265154575
261.804535651
495.104937239
995.132474144
540.89145528
30.1633875207
723.177444981
412.733676491
263.329428587
660.393309338
711.934815171
248.195790957
30.1566284986
430.000430389
819.387006711
220.325351107
230.2948091
341.143153789
153.346029295
49.3397330852
512.324609379
331.50242961
437.880899853
253.32797216
309.312154043
512.583614138
882.163411995
337.566724601
245.802991196
206.912110768
816.090750488
659.688788802
318.782338193
460.60022918
703.258734263
80.6866687125
494.148615152
932.053287058
545.342000705
313.659761004
746.531869674
81.6212792661
685.528018058
1653.58692553
579.129518924
623.953214584
64.1692564489
158.280661416
243.265205822
501.974198379
489.804059701
500.116359021
993.279070086
292.381163431
652.005569671
241.288536356
444.626878407
7.41728542666
995.43482659
142.532991042
286.823108851
527.689052503
622.060917396
446.201447789
653.511010007
99.6696162727
608.526953723
543.433816125
1472.38506037
557.138101553
245.412687701
907.51069355
726.687603527
115.186016645
1085.01850168
198.606318447
718.877664488
610.411289893
735.97217872
1079.51630257
1050.93176677
388.377242849
423.652699675
347.860737675
949.546043624
529.498068211
683.498209278
810.954056667
619.871067895
355.077262655
815.079617703
902.306898786
541.510172934
183.691461346
479.157129309
335.394289976
481.510679439
369.903192482
487.407761254
916.239211413
71.9385037079
387.308472711
754.006992139
662.112511199
871.175843399
126.411457796
342.842928693
127.479876461
752.947546987
513.102533941
319.965089412
642.536003492
897.065294374
629.707704581
441.866393173
574.735526679
706.498670631
355.461845149
354.042277647
862.784830696
363.946353573
765.636516552
120.064302217
509.397535721
317.927866354
469.466790139
548.390127491
788.075308084
768.518296212
490.065720695
156.832323894
1033.4319319
919.783677936
441.981975216
572.486470934
495.719896555
552.905867308
620.823336522
124.577922266
473.736672458
288.521832932
238.016454361
220.789750388
586.808513388
257.158385738
306.465840723
588.746846346
221.288119167
832.88772853
122.401997071
717.446932972
370.318576335
391.304409619
243.496657626
313.537368888
431.999185612
487.682505829
289.599316967
719.605566586
405.384304466
103.773027226
453.006669476
148.535462942
294.514255573
150.737131982
435.074475137
50.7627510667
385.286365428
114.534715526
614.739549574
328.835940564
312.905696712
181.251482579
422.940685291
336.339525452
469.689376422
626.175063104
355.585798534
236.80721987
259.637121696
304.274059769
345.640039328
308.218438612
495.553437111
276.996834051
456.703081053
403.820555536
806.842863866
393.22974128
383.327056516
73.9069206392
322.698879956
317.4925573
423.290209747
561.25858331
331.292158646
258.070720329
346.313707574
176.38690354
110.349252831
132.839122752
321.81734356
110.232077817
635.442951899
116.800889994
332.804547468
185.238006878
78.6514740833
304.683408772
250.45563846
237.738379376
228.621493245
262.480451322
302.547554687
489.821840085
456.436026284
289.765675362
193.097513849
95.6722973676
210.250369882
179.283979594
220.183732351
228.037938955
271.17487719
501.628744273
236.560910677
524.369953834
94.9221551814
248.866826945
436.111971795
226.334862015
214.553212886
201.92580786
168.901085098
147.401695127
385.138748628
433.691378235
609.541410273
99.0206481052
608.180603918
416.705049827
293.959770349
295.992949829
308.556236817
390.253174241
192.380075823
325.423828234
565.13886347
350.844580274
314.020806618
247.427381111
444.263079592
526.929161271
328.338738871
111.90663766
437.949128337
125.393132631
330.854483422
155.565645394
340.643413758
309.96634836
75.5347709081
352.170441225
368.900094815
793.531487094
444.659851892
306.278311199
815.588129328
448.546018315
672.195202726
713.531221697
682.23780419
579.171655498
316.574369926
312.898597845
703.787863818
469.571983905
495.600799102
115.20794447
674.195237671
298.088751331
725.358220706
672.318580323
512.414536215
740.571263604
1085.6659462
863.953063981
538.989053585
334.839889276
349.274152719
868.877063503
656.328758765
882.206065363
182.860252558
913.180718266
707.718976275
124.422430083
734.327459626
140.240582004
90.7904958149
734.520028406
949.823768408
67.776412598
1027.70083987
836.312571633
788.366874598
896.087379067
866.943285334
918.313707943
1176.04776256
449.214423828
352.209154608
1214.12175923
1100.02283937
988.628559991
714.312195393
458.612009354
942.198965147
239.05707946
1216.13549206
594.630759064
1338.46077884
519.143454239
708.197347497
1232.16695951
970.612810029
754.929080103
1353.77434791
1255.85054296
1075.0677929
696.62554362
473.168803988
1531.06385358
289.727944923
622.566398081
306.291365402
2031.02482666
875.881101317
1748.94188049
953.663687161
223.930569687
1121.00085022
725.710138481
1266.72096283
1549.11184649
782.617699417
1245.28714539
284.244010479
549.175313207
1837.53689286
1726.56801995
1248.93888879
1327.72402405
1263.2035886
1609.71890981
1439.58173336
2143.89102654
1449.6584444
814.867179967
1238.04223568
2294.88382166
2132.9154188
1219.47134242
506.89739121
1378.78143819
597.438662241
2176.52813916
225.168861865
1700.48494638
1368.24169259
545.560065048
1170.67083865
3201.62680643
1657.06732987
1446.79804734
389.43834622
1514.7852124
854.437338757
1161.00397738
709.853270365
871.368849058
609.740606133
2717.91655352
408.21943649
1185.71475978
429.28371843
2003.17987265
670.459685345
2196.60665112
946.510698454
709.539230253
814.840838226
736.658656949
645.767322199
316.579395049
1553.44973873
1193.91443596
4207.83104489
2091.702067
567.625840004
2037.53614727
1091.69888801
1183.85211935
2266.92851163
1689.66936272
298.614700495
1698.27651418
1258.5526965
1093.04832542
1527.01766307
2024.04388822
960.827567905
882.979820868
901.281655524
2661.42488686
1159.82133728
794.305906003
658.447677009
1307.40437467
787.313699333
1843.11326278
366.787378218
888.373534546
847.956027981
1113.26724629
1239.72464489
1654.53063441
1513.13031728
762.863612623
765.662767488
2862.49845322
1115.65382396
1604.23081368
1820.46431726
2069.64624159
186.743258314
1629.42898766
2946.7903548
891.205210897
1236.28224905
2276.75459894
1011.16836208
2218.97676311
5010.20705744
1305.04131766
1984.49075254
365.763839079
1037.88400164
509.6495764
1729.31420976
1101.8048886
1709.91557181
3351.64756008
699.212574109
2080.15884701
1215.19269737
737.911805
796.059639693
3305.35091073
683.165155907
1535.27473336
1751.47148003
2115.058526
1840.44106845
2162.59684073
663.578376515
1811.15754319
1806.96103739
4252.48936861
1727.3869211
1302.40024497
2197.12772183
2449.78051872
1064.98973955
3860.9968884
1874.21491001
2078.9910059
1457.6041542
3363.55701506
3569.3295907
3286.08366989
978.566913307
1709.21645415
2521.01153372
4333.23837188
2173.57352222
3541.19468378
3789.37266008
1541.89013696
1916.82391619
2964.22947463
3176.54755319
1258.40170012
1130.48194816
1713.97123613
1277.3125141
1888.98053848
2681.07404976
1351.22018434
2958.0335202
553.743190651
1608.57619671
2564.18867365
2795.22775463
4107.24939788
411.762631429
981.887435401
607.063500282
3594.72556057
1280.87018005
2787.73279031
2222.74077976
2515.71737177
2678.7146771
2782.93414733
3535.31124744
3143.28618509
1369.82007916
2474.36776114
4137.57977702
1499.90278376
1629.02598794
1277.52022518
2709.32641311
1769.13726535
1435.37139926
2330.10381109
2601.49003873
3251.06122362
2704.10855556
1119.64944134
3833.49000393
3737.12931256
2217.8930406
2710.24545681
2924.37781569
1676.93837211
4162.26673946
1401.4602107
2922.36151553
1601.78646754
114.817256681
1717.54280053
2338.33259971
2067.43051041
2656.19787466
3882.59398541
1214.24207989
3090.45988156
1156.15181609
3617.90739832
2830.63210751
1439.53556095
1303.00319543
4655.01094856
3201.89740278
2970.3992975
2515.30614965
3296.02845444
4018.604371
1395.0776144
682.449471164
2090.28558024
3472.70459315
576.1735051
3157.58017733
3030.25997304
1937.73734441
1528.72873806
1539.21599497
3211.12136733
2848.47791538
844.864132172
2963.99126056
1830.87338364
733.207359221
4209.72224025
1265.80329135
2275.15495589
784.780388756
2389.42403986
817.447076235
2117.8287067
4356.24091162
3559.91411239
3733.84267265
1262.34749669
5032.85490265
3628.22374138
1672.55429942
904.353012089
194.998783583
2515.72064188
1681.92783547
3932.6757662
1999.26372639
1710.05448613
2455.81395146
3117.30589371
491.517812297
2970.8838972
2747.68097863
1699.7810045
2172.91283132
2613.10889909
4670.55498135
1582.70970561
2026.70214534
4133.27217069
1810.75005072
1828.02912895
263.470965002
2966.390383
4672.79116756
2027.39786912
2951.60158889
3112.13050256
1827.87373927
4236.77613666
3973.1810585
