WIN FINALE DIS
4.0
4.0
5.0
5.0
5.0
5.0
5.0
5.0
5.0
5.0
24.0
24.0
24.0
24.0
24.0
24.0
24.0
24.0
24.0
24.0
8.0
8.0
8.0
8.0
8.0
8.0
8.0
8.0
8.0
9.0
8.0
8.0
8.0
8.0
8.0
8.0
8.0
8.0
8.0
8.0
10.0
10.0
10.0
10.0
10.0
10.0
10.0
10.0
10.0
14.0
34.0
34.0
34.0
34.0
34.0
34.0
34.0
34.0
34.0
34.0
9.0
9.0
9.0
11.0
11.0
11.0
5.0
5.0
5.0
5.0
32.0
32.0
32.0
32.0
32.0
32.0
32.0
32.0
32.0
32.0
33.0
44.0
44.0
44.0
44.0
44.0
44.0
44.0
44.0
44.0
24.0
18.0
18.0
18.0
18.0
18.0
20.0
20.0
20.0
20.0
10.0
13.0
13.0
13.0
13.0
13.0
13.0
13.0
13.0
13.0
20.0
20.0
20.0
20.0
20.0
8.0
8.0
8.0
8.0
8.0
25.0
25.0
25.0
25.0
25.0
25.0
25.0
25.0
25.0
25.0
13.0
13.0
13.0
13.0
14.0
14.0
14.0
14.0
14.0
14.0
14.0
16.0
18.0
18.0
18.0
8.0
8.0
8.0
8.0
10.0
26.0
26.0
26.0
26.0
26.0
26.0
26.0
26.0
26.0
30.0
7.0
7.0
7.0
7.0
7.0
7.0
8.0
8.0
8.0
8.0
4.0
4.0
4.0
5.0
6.0
6.0
6.0
6.0
7.0
7.0
25.0
25.0
28.0
31.0
31.0
31.0
31.0
31.0
31.0
31.0
16.0
16.0
16.0
16.0
16.0
16.0
16.0
16.0
16.0
16.0
1.0
1.0
1.0
1.0
1.0
1.0
2.0
2.0
2.0
2.0
12.0
12.0
12.0
12.0
12.0
12.0
12.0
12.0
3.0
4.0
36.0
36.0
36.0
36.0
36.0
36.0
36.0
36.0
40.0
40.0
9.0
9.0
9.0
9.0
9.0
10.0
10.0
10.0
10.0
10.0
20.0
18.0
18.0
18.0
18.0
18.0
18.0
18.0
18.0
18.0
11.0
11.0
11.0
11.0
11.0
11.0
11.0
11.0
11.0
11.0
9.0
9.0
9.0
9.0
9.0
9.0
9.0
11.0
11.0
3.0
10.0
10.0
10.0
10.0
10.0
10.0
10.0
10.0
10.0
10.0
16.0
16.0
16.0
17.0
17.0
17.0
17.0
17.0
17.0
17.0
45.0
47.0
47.0
47.0
47.0
48.0
48.0
48.0
48.0
48.0
9.0
9.0
10.0
10.0
10.0
10.0
10.0
10.0
10.0
4.0
14.0
14.0
14.0
14.0
14.0
14.0
14.0
14.0
14.0
14.0
8.0
8.0
8.0
8.0
8.0
8.0
8.0
8.0
8.0
8.0
60.0
60.0
60.0
60.0
64.0
18.0
19.0
19.0
19.0
21.0
4.0
4.0
4.0
4.0
4.0
4.0
4.0
5.0
5.0
5.0
22.0
29.0
29.0
29.0
29.0
29.0
29.0
29.0
29.0
29.0
4.0
4.0
4.0
4.0
4.0
4.0
4.0
5.0
3.0
3.0
4.0
4.0
4.0
4.0
4.0
4.0
4.0
4.0
4.0
4.0
9.0
9.0
9.0
9.0
9.0
9.0
9.0
9.0
9.0
9.0
5.0
5.0
5.0
2.0
2.0
2.0
2.0
2.0
2.0
2.0
3.0
3.0
3.0
4.0
4.0
4.0
4.0
4.0
4.0
4.0
23.0
23.0
23.0
24.0
24.0
11.0
11.0
11.0
11.0
12.0
34.0
34.0
34.0
34.0
34.0
37.0
37.0
37.0
37.0
37.0
13.0
8.0
8.0
8.0
8.0
8.0
8.0
8.0
8.0
8.0
30.0
30.0
30.0
30.0
30.0
30.0
30.0
33.0
33.0
33.0
18.0
18.0
18.0
18.0
18.0
18.0
18.0
18.0
18.0
18.0
3.0
3.0
3.0
3.0
3.0
3.0
3.0
3.0
4.0
1.0
30.0
30.0
38.0
38.0
38.0
38.0
38.0
38.0
38.0
38.0
12.0
12.0
12.0
13.0
13.0
14.0
14.0
14.0
14.0
14.0
29.0
29.0
29.0
29.0
19.0
19.0
19.0
19.0
19.0
19.0
16.0
21.0
21.0
27.0
27.0
27.0
27.0
27.0
27.0
30.0
12.0
12.0
12.0
12.0
12.0
12.0
12.0
12.0
12.0
15.0
1.0
1.0
1.0
1.0
1.0
1.0
2.0
2.0
2.0
2.0
5.0
5.0
5.0
5.0
5.0
5.0
5.0
5.0
5.0
5.0
6.0
6.0
6.0
6.0
6.0
6.0
6.0
6.0
6.0
6.0
9.0
9.0
9.0
9.0
9.0
9.0
9.0
9.0
9.0
9.0
9.0
9.0
9.0
9.0
9.0
9.0
9.0
9.0
9.0
14.0
2.0
2.0
2.0
2.0
2.0
2.0
2.0
2.0
2.0
2.0
3.0
3.0
3.0
3.0
4.0
4.0
4.0
4.0
5.0
5.0
17.0
17.0
17.0
17.0
17.0
17.0
17.0
17.0
17.0
17.0
36.0
37.0
37.0
38.0
38.0
38.0
38.0
38.0
38.0
38.0
14.0
4.0
5.0
2.0
2.0
2.0
2.0
2.0
2.0
2.0
14.0
14.0
14.0
14.0
15.0
15.0
15.0
15.0
15.0
15.0
22.0
22.0
22.0
23.0
23.0
23.0
23.0
23.0
30.0
30.0
27.0
27.0
27.0
27.0
27.0
27.0
27.0
27.0
27.0
27.0
25.0
25.0
22.0
22.0
22.0
22.0
22.0
22.0
22.0
22.0
31.0
31.0
31.0
31.0
31.0
31.0
31.0
33.0
33.0
33.0
11.0
11.0
11.0
11.0
11.0
11.0
11.0
11.0
11.0
11.0
18.0
18.0
18.0
18.0
21.0
21.0
21.0
21.0
21.0
25.0
18.0
18.0
18.0
18.0
19.0
19.0
19.0
19.0
19.0
19.0
34.0
34.0
37.0
37.0
13.0
13.0
13.0
14.0
14.0
14.0
24.0
24.0
24.0
24.0
24.0
24.0
24.0
24.0
24.0
24.0
11.0
11.0
11.0
11.0
13.0
13.0
13.0
13.0
13.0
13.0
33.0
33.0
33.0
33.0
33.0
43.0
43.0
43.0
43.0
43.0
24.0
24.0
24.0
24.0
24.0
24.0
24.0
24.0
24.0
24.0
21.0
21.0
21.0
21.0
21.0
21.0
21.0
21.0
21.0
21.0
23.0
23.0
23.0
23.0
23.0
23.0
23.0
23.0
23.0
23.0
23.0
23.0
23.0
23.0
23.0
23.0
23.0
23.0
17.0
17.0
5.0
5.0
5.0
5.0
5.0
5.0
5.0
5.0
6.0
6.0
19.0
19.0
19.0
19.0
19.0
23.0
23.0
23.0
23.0
23.0
25.0
25.0
25.0
25.0
25.0
25.0
25.0
25.0
25.0
25.0
11.0
11.0
11.0
11.0
11.0
13.0
13.0
13.0
13.0
13.0
24.0
24.0
24.0
24.0
24.0
24.0
24.0
28.0
28.0
31.0
12.0
12.0
12.0
12.0
12.0
12.0
12.0
12.0
12.0
12.0
20.0
20.0
20.0
20.0
20.0
20.0
20.0
23.0
23.0
23.0
29.0
6.0
6.0
6.0
1.0
1.0
1.0
1.0
2.0
2.0
34.0
34.0
34.0
34.0
34.0
34.0
34.0
34.0
34.0
34.0
10.0
10.0
10.0
10.0
10.0
10.0
10.0
10.0
10.0
10.0
40.0
40.0
40.0
40.0
40.0
40.0
40.0
41.0
43.0
43.0
20.0
20.0
20.0
20.0
20.0
20.0
20.0
20.0
20.0
20.0
3.0
3.0
2.0
2.0
2.0
2.0
1.0
1.0
1.0
2.0
6.0
6.0
6.0
5.0
5.0
5.0
5.0
5.0
5.0
5.0
28.0
28.0
28.0
28.0
28.0
28.0
28.0
28.0
28.0
28.0
27.0
33.0
33.0
33.0
33.0
33.0
33.0
33.0
33.0
33.0
36.0
36.0
36.0
36.0
36.0
36.0
36.0
36.0
36.0
36.0
10.0
10.0
10.0
10.0
10.0
10.0
10.0
10.0
10.0
10.0
7.0
7.0
7.0
7.0
7.0
9.0
9.0
9.0
9.0
9.0
24.0
24.0
24.0
24.0
24.0
24.0
24.0
33.0
33.0
33.0
10.0
10.0
10.0
10.0
10.0
10.0
10.0
10.0
10.0
10.0
4.0
4.0
4.0
4.0
4.0
4.0
4.0
4.0
4.0
4.0
