WIN FINALE DIS
11.0
11.0
11.0
11.0
11.0
11.0
11.0
11.0
13.0
13.0
33.0
33.0
33.0
33.0
33.0
33.0
33.0
33.0
33.0
33.0
12.0
12.0
12.0
12.0
12.0
12.0
12.0
12.0
12.0
12.0
15.0
9.0
9.0
9.0
9.0
9.0
9.0
9.0
9.0
9.0
16.0
16.0
16.0
16.0
16.0
16.0
16.0
16.0
16.0
16.0
3.0
3.0
3.0
3.0
3.0
3.0
3.0
3.0
3.0
3.0
24.0
24.0
29.0
29.0
29.0
29.0
29.0
29.0
29.0
29.0
16.0
16.0
16.0
16.0
16.0
16.0
16.0
16.0
16.0
16.0
21.0
21.0
21.0
21.0
21.0
21.0
21.0
22.0
22.0
22.0
18.0
18.0
18.0
18.0
24.0
24.0
24.0
24.0
24.0
24.0
23.0
23.0
25.0
25.0
25.0
25.0
25.0
27.0
27.0
32.0
25.0
25.0
25.0
25.0
25.0
25.0
25.0
25.0
25.0
25.0
6.0
6.0
6.0
6.0
6.0
7.0
7.0
8.0
8.0
8.0
23.0
23.0
23.0
23.0
23.0
23.0
9.0
9.0
9.0
9.0
5.0
5.0
5.0
5.0
5.0
5.0
5.0
5.0
5.0
5.0
43.0
43.0
43.0
59.0
59.0
59.0
59.0
59.0
59.0
59.0
28.0
35.0
35.0
35.0
35.0
35.0
35.0
35.0
45.0
45.0
30.0
30.0
30.0
30.0
30.0
30.0
30.0
30.0
30.0
30.0
19.0
19.0
19.0
19.0
19.0
19.0
19.0
19.0
19.0
19.0
9.0
9.0
10.0
11.0
11.0
11.0
11.0
11.0
11.0
11.0
4.0
4.0
4.0
4.0
4.0
4.0
4.0
4.0
4.0
4.0
12.0
12.0
12.0
12.0
13.0
13.0
13.0
13.0
13.0
13.0
10.0
12.0
12.0
9.0
9.0
9.0
9.0
10.0
10.0
4.0
28.0
28.0
28.0
28.0
28.0
28.0
28.0
28.0
28.0
28.0
8.0
8.0
8.0
9.0
9.0
9.0
9.0
9.0
9.0
9.0
3.0
3.0
3.0
3.0
3.0
4.0
4.0
4.0
4.0
4.0
20.0
20.0
20.0
20.0
20.0
20.0
20.0
20.0
20.0
20.0
4.0
4.0
4.0
2.0
2.0
1.0
1.0
1.0
1.0
1.0
48.0
48.0
48.0
48.0
48.0
57.0
57.0
64.0
64.0
64.0
48.0
48.0
48.0
48.0
48.0
48.0
48.0
48.0
48.0
48.0
46.0
46.0
46.0
46.0
46.0
46.0
46.0
46.0
46.0
46.0
18.0
18.0
18.0
18.0
18.0
18.0
18.0
18.0
18.0
18.0
4.0
4.0
4.0
4.0
4.0
4.0
4.0
4.0
4.0
4.0
30.0
19.0
19.0
19.0
19.0
19.0
19.0
19.0
19.0
19.0
18.0
18.0
18.0
18.0
18.0
18.0
18.0
18.0
18.0
19.0
1.0
1.0
1.0
2.0
2.0
3.0
3.0
3.0
3.0
3.0
24.0
24.0
24.0
24.0
24.0
24.0
24.0
24.0
24.0
24.0
29.0
29.0
29.0
29.0
29.0
29.0
33.0
33.0
33.0
33.0
30.0
30.0
30.0
30.0
30.0
30.0
30.0
30.0
30.0
30.0
31.0
33.0
33.0
33.0
33.0
33.0
33.0
33.0
33.0
21.0
8.0
8.0
8.0
5.0
5.0
5.0
5.0
5.0
5.0
2.0
19.0
19.0
19.0
19.0
19.0
19.0
19.0
19.0
19.0
30.0
25.0
25.0
25.0
25.0
25.0
25.0
25.0
25.0
25.0
25.0
13.0
13.0
13.0
13.0
13.0
13.0
13.0
13.0
13.0
6.0
1.0
1.0
1.0
1.0
1.0
1.0
1.0
1.0
1.0
1.0
30.0
30.0
30.0
30.0
30.0
30.0
30.0
30.0
30.0
30.0
27.0
27.0
27.0
30.0
33.0
33.0
33.0
33.0
33.0
36.0
23.0
23.0
23.0
23.0
23.0
23.0
23.0
23.0
23.0
14.0
22.0
22.0
22.0
26.0
26.0
26.0
26.0
26.0
26.0
26.0
12.0
12.0
12.0
12.0
12.0
12.0
12.0
12.0
17.0
17.0
5.0
5.0
5.0
5.0
5.0
5.0
6.0
6.0
6.0
6.0
9.0
9.0
9.0
9.0
9.0
9.0
11.0
11.0
11.0
11.0
19.0
20.0
20.0
20.0
20.0
20.0
20.0
20.0
20.0
20.0
17.0
17.0
17.0
17.0
17.0
17.0
17.0
20.0
20.0
20.0
31.0
31.0
35.0
35.0
35.0
35.0
26.0
26.0
26.0
26.0
23.0
23.0
23.0
23.0
23.0
8.0
8.0
8.0
8.0
8.0
20.0
20.0
20.0
20.0
20.0
20.0
20.0
20.0
21.0
21.0
15.0
18.0
18.0
18.0
19.0
19.0
26.0
26.0
26.0
26.0
17.0
23.0
23.0
23.0
23.0
23.0
23.0
23.0
23.0
23.0
32.0
32.0
32.0
32.0
32.0
32.0
32.0
32.0
32.0
32.0
2.0
3.0
3.0
3.0
1.0
1.0
1.0
1.0
1.0
1.0
24.0
24.0
24.0
24.0
24.0
24.0
24.0
24.0
24.0
24.0
30.0
30.0
30.0
30.0
30.0
35.0
35.0
25.0
25.0
25.0
4.0
4.0
5.0
5.0
5.0
5.0
6.0
6.0
6.0
6.0
6.0
6.0
6.0
6.0
6.0
6.0
6.0
6.0
6.0
6.0
2.0
2.0
2.0
2.0
2.0
2.0
2.0
2.0
2.0
2.0
2.0
1.0
1.0
1.0
1.0
1.0
1.0
1.0
1.0
1.0
16.0
16.0
19.0
19.0
19.0
19.0
19.0
19.0
19.0
19.0
10.0
10.0
10.0
10.0
14.0
14.0
14.0
15.0
15.0
17.0
12.0
15.0
15.0
15.0
7.0
7.0
7.0
9.0
9.0
9.0
13.0
13.0
13.0
13.0
13.0
13.0
13.0
13.0
13.0
13.0
14.0
14.0
14.0
14.0
14.0
14.0
14.0
14.0
14.0
16.0
5.0
5.0
5.0
5.0
5.0
5.0
5.0
3.0
3.0
3.0
63.0
63.0
63.0
63.0
63.0
63.0
63.0
63.0
63.0
80.0
7.0
7.0
7.0
7.0
7.0
7.0
7.0
7.0
7.0
8.0
1.0
1.0
1.0
1.0
2.0
2.0
2.0
2.0
2.0
2.0
10.0
10.0
10.0
12.0
12.0
12.0
12.0
12.0
12.0
12.0
10.0
10.0
10.0
10.0
10.0
10.0
13.0
13.0
13.0
13.0
16.0
16.0
16.0
18.0
18.0
18.0
18.0
18.0
18.0
18.0
24.0
24.0
24.0
24.0
24.0
24.0
24.0
24.0
24.0
24.0
5.0
7.0
7.0
1.0
1.0
1.0
1.0
1.0
1.0
1.0
24.0
24.0
24.0
24.0
24.0
24.0
24.0
24.0
24.0
24.0
18.0
18.0
18.0
18.0
18.0
18.0
18.0
18.0
18.0
18.0
6.0
7.0
7.0
7.0
7.0
7.0
7.0
7.0
7.0
8.0
30.0
30.0
30.0
30.0
30.0
30.0
33.0
33.0
33.0
33.0
9.0
9.0
9.0
9.0
9.0
10.0
10.0
6.0
6.0
6.0
2.0
2.0
2.0
2.0
2.0
2.0
2.0
3.0
3.0
3.0
13.0
13.0
13.0
13.0
13.0
13.0
13.0
13.0
13.0
13.0
22.0
22.0
23.0
23.0
23.0
23.0
23.0
23.0
23.0
23.0
24.0
27.0
27.0
27.0
27.0
27.0
27.0
27.0
28.0
28.0
27.0
27.0
31.0
31.0
31.0
31.0
31.0
31.0
31.0
36.0
3.0
3.0
3.0
3.0
3.0
3.0
3.0
3.0
3.0
3.0
26.0
26.0
26.0
26.0
26.0
17.0
17.0
17.0
17.0
17.0
21.0
21.0
21.0
21.0
21.0
21.0
21.0
21.0
21.0
21.0
40.0
40.0
40.0
40.0
53.0
53.0
53.0
53.0
53.0
53.0
27.0
27.0
27.0
28.0
31.0
31.0
31.0
31.0
36.0
40.0
12.0
12.0
12.0
12.0
12.0
4.0
4.0
4.0
4.0
4.0
32.0
32.0
32.0
32.0
32.0
14.0
14.0
14.0
14.0
14.0
5.0
5.0
5.0
5.0
5.0
7.0
7.0
7.0
7.0
7.0
1.0
1.0
1.0
1.0
2.0
2.0
2.0
2.0
2.0
2.0
