WIN FINALE DIS
55.0
55.0
55.0
55.0
55.0
55.0
55.0
55.0
55.0
66.0
17.0
17.0
17.0
17.0
17.0
17.0
17.0
17.0
17.0
17.0
20.0
20.0
20.0
20.0
20.0
20.0
20.0
20.0
20.0
20.0
3.0
3.0
3.0
3.0
3.0
3.0
3.0
3.0
3.0
3.0
13.0
13.0
13.0
17.0
17.0
17.0
17.0
17.0
17.0
17.0
20.0
20.0
20.0
20.0
20.0
25.0
25.0
25.0
25.0
25.0
33.0
34.0
34.0
34.0
34.0
41.0
41.0
41.0
41.0
41.0
20.0
22.0
22.0
22.0
22.0
22.0
22.0
22.0
22.0
22.0
13.0
13.0
13.0
13.0
13.0
13.0
13.0
13.0
13.0
15.0
21.0
21.0
21.0
21.0
21.0
21.0
21.0
21.0
21.0
21.0
6.0
6.0
6.0
6.0
7.0
7.0
7.0
7.0
7.0
7.0
16.0
20.0
20.0
20.0
20.0
20.0
20.0
20.0
20.0
20.0
7.0
7.0
7.0
7.0
7.0
7.0
7.0
7.0
7.0
7.0
19.0
19.0
19.0
19.0
19.0
19.0
19.0
19.0
19.0
19.0
49.0
49.0
49.0
49.0
50.0
50.0
50.0
50.0
50.0
50.0
44.0
44.0
44.0
44.0
44.0
44.0
44.0
44.0
44.0
44.0
24.0
24.0
24.0
24.0
24.0
24.0
24.0
24.0
24.0
24.0
42.0
44.0
44.0
44.0
44.0
44.0
44.0
44.0
44.0
54.0
22.0
22.0
22.0
22.0
22.0
22.0
22.0
22.0
22.0
22.0
10.0
10.0
10.0
10.0
10.0
10.0
10.0
10.0
10.0
10.0
26.0
26.0
26.0
26.0
26.0
26.0
26.0
26.0
26.0
26.0
14.0
14.0
14.0
14.0
14.0
14.0
14.0
14.0
14.0
14.0
12.0
12.0
13.0
13.0
13.0
13.0
4.0
4.0
4.0
4.0
11.0
11.0
11.0
11.0
11.0
14.0
14.0
14.0
14.0
17.0
28.0
28.0
28.0
28.0
28.0
28.0
28.0
28.0
28.0
28.0
21.0
21.0
21.0
21.0
21.0
21.0
15.0
15.0
15.0
15.0
9.0
9.0
9.0
9.0
9.0
9.0
9.0
9.0
9.0
9.0
28.0
28.0
28.0
28.0
28.0
28.0
28.0
28.0
28.0
28.0
7.0
7.0
7.0
7.0
7.0
7.0
8.0
8.0
10.0
10.0
28.0
28.0
28.0
29.0
29.0
29.0
29.0
29.0
29.0
29.0
23.0
23.0
23.0
23.0
23.0
23.0
23.0
23.0
23.0
23.0
12.0
12.0
12.0
12.0
12.0
12.0
12.0
12.0
13.0
13.0
11.0
11.0
11.0
11.0
11.0
11.0
11.0
13.0
13.0
13.0
23.0
23.0
23.0
23.0
23.0
23.0
23.0
23.0
28.0
28.0
22.0
22.0
22.0
22.0
22.0
22.0
22.0
22.0
22.0
22.0
1.0
1.0
1.0
2.0
2.0
2.0
2.0
2.0
2.0
2.0
12.0
12.0
12.0
12.0
12.0
12.0
13.0
13.0
13.0
13.0
19.0
19.0
21.0
21.0
21.0
21.0
21.0
21.0
21.0
21.0
9.0
9.0
9.0
9.0
9.0
9.0
9.0
9.0
9.0
9.0
23.0
23.0
23.0
23.0
23.0
23.0
23.0
5.0
5.0
5.0
32.0
33.0
33.0
33.0
40.0
40.0
40.0
40.0
40.0
40.0
35.0
35.0
35.0
35.0
35.0
35.0
35.0
35.0
35.0
35.0
25.0
25.0
25.0
25.0
25.0
25.0
25.0
25.0
25.0
25.0
20.0
20.0
20.0
20.0
20.0
20.0
20.0
20.0
20.0
20.0
28.0
28.0
28.0
28.0
28.0
28.0
28.0
28.0
28.0
28.0
16.0
16.0
16.0
16.0
16.0
16.0
16.0
16.0
16.0
16.0
12.0
12.0
12.0
13.0
13.0
13.0
13.0
13.0
13.0
13.0
42.0
42.0
42.0
42.0
42.0
42.0
42.0
43.0
43.0
43.0
21.0
21.0
21.0
21.0
21.0
21.0
21.0
21.0
21.0
21.0
20.0
12.0
12.0
13.0
13.0
13.0
13.0
13.0
13.0
13.0
29.0
29.0
29.0
29.0
17.0
17.0
17.0
17.0
17.0
17.0
10.0
10.0
10.0
10.0
10.0
10.0
10.0
10.0
10.0
10.0
16.0
10.0
10.0
10.0
10.0
12.0
12.0
12.0
12.0
12.0
39.0
39.0
39.0
39.0
39.0
39.0
39.0
39.0
41.0
41.0
13.0
13.0
13.0
13.0
13.0
17.0
17.0
17.0
17.0
17.0
48.0
48.0
48.0
48.0
48.0
48.0
48.0
48.0
48.0
48.0
8.0
3.0
3.0
3.0
3.0
3.0
3.0
3.0
3.0
3.0
54.0
59.0
59.0
59.0
59.0
59.0
59.0
59.0
59.0
59.0
5.0
5.0
5.0
5.0
5.0
5.0
5.0
5.0
5.0
5.0
5.0
5.0
5.0
5.0
3.0
3.0
3.0
1.0
1.0
2.0
28.0
28.0
28.0
28.0
28.0
28.0
28.0
28.0
28.0
28.0
34.0
34.0
34.0
34.0
34.0
34.0
16.0
16.0
16.0
16.0
3.0
3.0
3.0
3.0
3.0
3.0
3.0
3.0
3.0
3.0
12.0
12.0
12.0
12.0
12.0
12.0
12.0
12.0
12.0
12.0
28.0
28.0
31.0
31.0
31.0
31.0
31.0
31.0
31.0
41.0
5.0
5.0
5.0
5.0
5.0
5.0
5.0
5.0
5.0
5.0
44.0
44.0
49.0
49.0
54.0
54.0
54.0
54.0
54.0
54.0
25.0
25.0
25.0
27.0
27.0
27.0
27.0
27.0
27.0
27.0
41.0
48.0
48.0
48.0
48.0
48.0
48.0
48.0
48.0
48.0
41.0
41.0
41.0
41.0
41.0
41.0
41.0
41.0
42.0
42.0
38.0
38.0
11.0
11.0
11.0
11.0
11.0
11.0
11.0
11.0
27.0
27.0
27.0
27.0
31.0
31.0
16.0
16.0
16.0
17.0
17.0
17.0
17.0
17.0
17.0
9.0
9.0
9.0
9.0
9.0
24.0
24.0
24.0
24.0
24.0
24.0
24.0
24.0
24.0
24.0
3.0
3.0
3.0
3.0
3.0
3.0
3.0
3.0
3.0
3.0
11.0
11.0
11.0
11.0
11.0
11.0
11.0
11.0
11.0
11.0
12.0
12.0
10.0
6.0
6.0
6.0
6.0
6.0
6.0
6.0
27.0
27.0
27.0
27.0
27.0
27.0
27.0
27.0
27.0
27.0
25.0
25.0
25.0
27.0
27.0
27.0
27.0
27.0
27.0
27.0
11.0
11.0
11.0
11.0
11.0
12.0
12.0
12.0
12.0
12.0
23.0
23.0
23.0
31.0
31.0
31.0
31.0
36.0
36.0
36.0
13.0
14.0
14.0
14.0
14.0
14.0
14.0
14.0
14.0
14.0
27.0
27.0
27.0
27.0
27.0
27.0
27.0
27.0
27.0
27.0
2.0
2.0
2.0
2.0
2.0
2.0
2.0
2.0
3.0
3.0
9.0
9.0
9.0
9.0
9.0
9.0
9.0
9.0
9.0
9.0
21.0
21.0
21.0
21.0
21.0
21.0
21.0
21.0
21.0
21.0
5.0
5.0
5.0
5.0
5.0
5.0
5.0
5.0
5.0
5.0
16.0
16.0
16.0
16.0
16.0
16.0
16.0
16.0
16.0
16.0
24.0
24.0
24.0
24.0
24.0
11.0
5.0
5.0
5.0
5.0
30.0
30.0
30.0
33.0
21.0
21.0
23.0
23.0
23.0
23.0
39.0
40.0
40.0
40.0
40.0
40.0
41.0
41.0
41.0
41.0
14.0
14.0
14.0
14.0
14.0
16.0
16.0
16.0
16.0
17.0
28.0
28.0
28.0
28.0
28.0
28.0
28.0
28.0
28.0
28.0
26.0
26.0
26.0
26.0
26.0
26.0
26.0
26.0
26.0
19.0
11.0
11.0
11.0
11.0
11.0
11.0
11.0
11.0
11.0
5.0
22.0
22.0
22.0
22.0
22.0
22.0
22.0
22.0
22.0
22.0
38.0
38.0
38.0
38.0
38.0
38.0
38.0
38.0
38.0
38.0
39.0
39.0
39.0
39.0
39.0
39.0
45.0
45.0
45.0
45.0
14.0
14.0
14.0
14.0
14.0
14.0
14.0
14.0
14.0
14.0
14.0
14.0
14.0
14.0
14.0
14.0
14.0
14.0
14.0
14.0
3.0
3.0
3.0
3.0
3.0
3.0
3.0
3.0
3.0
3.0
4.0
4.0
4.0
4.0
4.0
4.0
5.0
5.0
5.0
5.0
27.0
27.0
28.0
28.0
28.0
28.0
28.0
28.0
28.0
40.0
3.0
3.0
3.0
3.0
3.0
3.0
3.0
3.0
3.0
3.0
7.0
7.0
7.0
7.0
7.0
7.0
7.0
7.0
7.0
7.0
35.0
35.0
35.0
35.0
35.0
35.0
35.0
35.0
35.0
35.0
11.0
11.0
11.0
11.0
11.0
11.0
11.0
11.0
11.0
11.0
37.0
39.0
39.0
39.0
39.0
22.0
22.0
22.0
22.0
22.0
8.0
8.0
11.0
11.0
11.0
11.0
11.0
11.0
11.0
11.0
4.0
4.0
4.0
4.0
4.0
4.0
4.0
4.0
4.0
4.0
1.0
2.0
2.0
2.0
3.0
3.0
3.0
1.0
1.0
1.0
29.0
29.0
29.0
36.0
36.0
36.0
36.0
39.0
39.0
39.0
2.0
2.0
2.0
2.0
2.0
2.0
2.0
2.0
2.0
2.0
29.0
29.0
29.0
29.0
29.0
29.0
29.0
30.0
30.0
30.0
26.0
26.0
26.0
26.0
26.0
26.0
40.0
40.0
40.0
40.0
12.0
12.0
12.0
12.0
12.0
12.0
12.0
12.0
12.0
12.0
20.0
20.0
20.0
20.0
12.0
12.0
12.0
12.0
12.0
12.0
5.0
5.0
5.0
5.0
5.0
5.0
5.0
5.0
5.0
5.0
17.0
17.0
17.0
17.0
18.0
18.0
18.0
18.0
18.0
18.0
10.0
10.0
10.0
10.0
10.0
10.0
10.0
10.0
10.0
13.0
12.0
12.0
13.0
14.0
14.0
14.0
15.0
15.0
15.0
15.0
29.0
29.0
29.0
29.0
29.0
29.0
29.0
29.0
29.0
29.0
13.0
13.0
13.0
13.0
13.0
13.0
13.0
13.0
13.0
13.0
44.0
44.0
44.0
44.0
44.0
44.0
46.0
46.0
46.0
46.0
32.0
32.0
32.0
32.0
32.0
32.0
32.0
32.0
32.0
32.0
8.0
8.0
9.0
9.0
9.0
9.0
9.0
9.0
9.0
9.0
38.0
38.0
38.0
38.0
40.0
40.0
40.0
40.0
40.0
40.0
27.0
27.0
27.0
27.0
27.0
27.0
27.0
27.0
27.0
27.0
19.0
21.0
21.0
21.0
21.0
21.0
23.0
23.0
23.0
28.0
12.0
12.0
12.0
12.0
12.0
12.0
12.0
12.0
12.0
12.0
20.0
20.0
20.0
20.0
20.0
20.0
20.0
20.0
20.0
20.0
34.0
34.0
34.0
34.0
34.0
34.0
34.0
34.0
34.0
42.0
18.0
24.0
24.0
24.0
24.0
24.0
24.0
24.0
24.0
24.0
35.0
35.0
35.0
35.0
36.0
36.0
36.0
36.0
36.0
36.0
9.0
11.0
11.0
13.0
13.0
13.0
13.0
13.0
13.0
13.0
6.0
6.0
6.0
6.0
6.0
6.0
6.0
6.0
6.0
6.0
3.0
3.0
3.0
3.0
3.0
3.0
3.0
3.0
3.0
3.0
34.0
34.0
34.0
34.0
34.0
34.0
34.0
34.0
35.0
35.0
45.0
45.0
45.0
45.0
45.0
46.0
46.0
46.0
46.0
52.0
2.0
2.0
2.0
2.0
2.0
2.0
2.0
2.0
2.0
2.0
2.0
2.0
2.0
2.0
2.0
2.0
2.0
2.0
1.0
1.0
6.0
6.0
6.0
6.0
6.0
6.0
6.0
8.0
8.0
8.0
16.0
16.0
16.0
16.0
16.0
16.0
16.0
16.0
16.0
16.0
59.0
59.0
59.0
59.0
59.0
59.0
59.0
59.0
59.0
59.0
2.0
2.0
2.0
2.0
2.0
2.0
2.0
2.0
2.0
2.0
32.0
32.0
32.0
32.0
32.0
32.0
32.0
32.0
32.0
32.0
23.0
23.0
23.0
23.0
23.0
23.0
23.0
23.0
23.0
23.0
17.0
17.0
17.0
17.0
17.0
17.0
17.0
17.0
17.0
17.0
12.0
12.0
12.0
12.0
12.0
12.0
12.0
12.0
12.0
12.0
13.0
13.0
7.0
7.0
7.0
7.0
7.0
7.0
7.0
7.0
