WIN FINALE DIS
10.0
11.0
11.0
11.0
11.0
11.0
11.0
11.0
11.0
11.0
18.0
18.0
18.0
18.0
18.0
18.0
18.0
18.0
20.0
20.0
13.0
13.0
13.0
13.0
13.0
13.0
13.0
13.0
13.0
13.0
14.0
14.0
14.0
14.0
4.0
4.0
4.0
4.0
4.0
4.0
31.0
12.0
12.0
12.0
12.0
12.0
13.0
13.0
13.0
15.0
12.0
12.0
12.0
12.0
12.0
12.0
12.0
12.0
12.0
12.0
11.0
11.0
11.0
11.0
12.0
12.0
7.0
7.0
7.0
8.0
26.0
26.0
26.0
26.0
26.0
26.0
28.0
28.0
33.0
33.0
6.0
6.0
6.0
6.0
6.0
6.0
6.0
6.0
6.0
6.0
25.0
25.0
25.0
25.0
25.0
25.0
25.0
25.0
25.0
25.0
10.0
10.0
10.0
10.0
10.0
10.0
10.0
10.0
10.0
10.0
5.0
5.0
4.0
1.0
1.0
1.0
1.0
1.0
1.0
1.0
25.0
25.0
25.0
25.0
25.0
25.0
25.0
25.0
25.0
25.0
13.0
13.0
13.0
13.0
13.0
13.0
13.0
15.0
15.0
15.0
11.0
15.0
15.0
15.0
15.0
21.0
21.0
21.0
21.0
21.0
23.0
23.0
23.0
23.0
23.0
23.0
23.0
23.0
23.0
23.0
1.0
1.0
1.0
1.0
2.0
2.0
2.0
2.0
2.0
2.0
27.0
27.0
28.0
28.0
28.0
8.0
8.0
8.0
8.0
8.0
23.0
23.0
23.0
23.0
23.0
23.0
23.0
23.0
10.0
10.0
34.0
34.0
34.0
34.0
34.0
37.0
37.0
37.0
37.0
37.0
20.0
20.0
24.0
24.0
24.0
24.0
24.0
24.0
24.0
24.0
11.0
11.0
11.0
11.0
11.0
11.0
11.0
11.0
11.0
11.0
1.0
1.0
1.0
1.0
1.0
1.0
1.0
1.0
1.0
1.0
8.0
8.0
8.0
8.0
8.0
8.0
8.0
8.0
8.0
8.0
56.0
62.0
62.0
62.0
62.0
62.0
62.0
62.0
62.0
62.0
1.0
1.0
1.0
1.0
1.0
1.0
1.0
1.0
1.0
1.0
5.0
5.0
5.0
5.0
5.0
5.0
5.0
5.0
5.0
5.0
2.0
2.0
2.0
2.0
2.0
1.0
1.0
1.0
1.0
1.0
41.0
41.0
41.0
41.0
41.0
41.0
41.0
41.0
41.0
41.0
1.0
1.0
1.0
1.0
1.0
1.0
1.0
1.0
1.0
1.0
10.0
10.0
10.0
10.0
10.0
10.0
10.0
8.0
8.0
8.0
14.0
14.0
14.0
14.0
14.0
14.0
14.0
14.0
14.0
14.0
47.0
47.0
47.0
47.0
47.0
47.0
47.0
47.0
47.0
47.0
11.0
11.0
11.0
11.0
11.0
11.0
11.0
11.0
11.0
11.0
13.0
13.0
13.0
18.0
18.0
18.0
18.0
18.0
18.0
18.0
17.0
17.0
17.0
17.0
17.0
17.0
17.0
17.0
17.0
17.0
2.0
2.0
2.0
2.0
2.0
2.0
2.0
2.0
3.0
3.0
17.0
17.0
17.0
17.0
17.0
17.0
17.0
17.0
17.0
17.0
2.0
2.0
2.0
2.0
2.0
2.0
3.0
3.0
3.0
3.0
14.0
14.0
14.0
14.0
14.0
14.0
14.0
14.0
14.0
14.0
18.0
18.0
19.0
21.0
21.0
21.0
21.0
21.0
21.0
21.0
11.0
7.0
7.0
11.0
11.0
11.0
4.0
4.0
4.0
4.0
28.0
28.0
28.0
28.0
28.0
28.0
28.0
28.0
28.0
28.0
9.0
9.0
9.0
9.0
9.0
9.0
9.0
9.0
9.0
9.0
23.0
23.0
23.0
23.0
23.0
23.0
23.0
23.0
23.0
23.0
31.0
31.0
31.0
31.0
31.0
31.0
31.0
31.0
31.0
31.0
25.0
25.0
25.0
25.0
25.0
25.0
25.0
25.0
25.0
25.0
40.0
40.0
40.0
40.0
40.0
40.0
40.0
40.0
40.0
41.0
22.0
22.0
22.0
22.0
22.0
22.0
22.0
22.0
22.0
22.0
30.0
30.0
30.0
30.0
31.0
31.0
31.0
31.0
31.0
31.0
7.0
7.0
9.0
9.0
9.0
9.0
9.0
9.0
9.0
9.0
6.0
7.0
7.0
7.0
2.0
2.0
3.0
4.0
4.0
4.0
48.0
48.0
48.0
48.0
48.0
48.0
48.0
48.0
48.0
48.0
13.0
13.0
13.0
13.0
15.0
15.0
15.0
15.0
15.0
15.0
5.0
5.0
5.0
5.0
5.0
5.0
5.0
5.0
5.0
5.0
26.0
34.0
34.0
34.0
34.0
34.0
45.0
45.0
45.0
45.0
17.0
17.0
17.0
8.0
8.0
8.0
8.0
8.0
8.0
8.0
11.0
11.0
11.0
11.0
11.0
11.0
14.0
14.0
14.0
14.0
10.0
10.0
10.0
10.0
10.0
10.0
7.0
7.0
4.0
4.0
15.0
15.0
15.0
15.0
15.0
15.0
15.0
15.0
15.0
15.0
41.0
41.0
41.0
41.0
41.0
41.0
41.0
41.0
41.0
41.0
31.0
31.0
35.0
35.0
27.0
27.0
27.0
27.0
27.0
27.0
7.0
7.0
7.0
7.0
7.0
7.0
7.0
7.0
7.0
7.0
13.0
18.0
3.0
3.0
3.0
3.0
4.0
2.0
1.0
1.0
21.0
23.0
23.0
25.0
25.0
25.0
25.0
25.0
25.0
25.0
12.0
13.0
13.0
13.0
13.0
13.0
13.0
13.0
13.0
13.0
27.0
27.0
27.0
27.0
27.0
27.0
27.0
27.0
27.0
27.0
17.0
18.0
18.0
18.0
18.0
18.0
18.0
18.0
18.0
18.0
28.0
28.0
28.0
38.0
38.0
38.0
38.0
38.0
38.0
41.0
34.0
37.0
37.0
37.0
37.0
37.0
37.0
41.0
41.0
41.0
19.0
19.0
19.0
19.0
19.0
19.0
12.0
12.0
12.0
12.0
27.0
27.0
27.0
27.0
27.0
27.0
27.0
31.0
31.0
31.0
12.0
12.0
12.0
12.0
12.0
12.0
12.0
13.0
13.0
13.0
12.0
12.0
12.0
12.0
12.0
13.0
14.0
14.0
14.0
14.0
41.0
41.0
41.0
41.0
41.0
41.0
41.0
41.0
41.0
41.0
8.0
8.0
8.0
8.0
8.0
8.0
8.0
8.0
8.0
8.0
10.0
10.0
10.0
10.0
10.0
4.0
4.0
4.0
4.0
4.0
15.0
15.0
15.0
17.0
17.0
17.0
17.0
17.0
17.0
17.0
20.0
20.0
20.0
20.0
20.0
20.0
20.0
20.0
20.0
20.0
12.0
12.0
12.0
12.0
12.0
12.0
12.0
12.0
12.0
12.0
5.0
5.0
5.0
6.0
6.0
6.0
6.0
6.0
6.0
3.0
5.0
5.0
5.0
5.0
5.0
5.0
5.0
6.0
5.0
5.0
2.0
2.0
2.0
1.0
1.0
1.0
1.0
1.0
1.0
2.0
12.0
12.0
12.0
6.0
6.0
6.0
6.0
6.0
6.0
6.0
10.0
10.0
10.0
10.0
10.0
10.0
10.0
10.0
14.0
14.0
32.0
32.0
32.0
32.0
32.0
32.0
32.0
32.0
32.0
32.0
12.0
12.0
12.0
18.0
18.0
18.0
7.0
7.0
7.0
7.0
23.0
23.0
23.0
23.0
23.0
23.0
23.0
23.0
23.0
28.0
31.0
17.0
17.0
17.0
17.0
17.0
17.0
17.0
17.0
17.0
10.0
10.0
10.0
10.0
6.0
6.0
6.0
6.0
6.0
6.0
11.0
11.0
11.0
11.0
11.0
11.0
11.0
11.0
11.0
12.0
17.0
17.0
17.0
17.0
17.0
17.0
18.0
18.0
18.0
18.0
3.0
3.0
3.0
3.0
3.0
3.0
3.0
3.0
3.0
3.0
34.0
34.0
34.0
34.0
34.0
39.0
39.0
39.0
13.0
13.0
23.0
23.0
23.0
23.0
23.0
23.0
23.0
23.0
23.0
23.0
3.0
3.0
3.0
3.0
3.0
3.0
3.0
3.0
3.0
3.0
9.0
12.0
12.0
9.0
9.0
9.0
9.0
9.0
9.0
9.0
25.0
25.0
25.0
9.0
9.0
9.0
9.0
9.0
14.0
14.0
31.0
31.0
31.0
31.0
31.0
36.0
36.0
36.0
36.0
36.0
12.0
12.0
12.0
12.0
12.0
12.0
12.0
12.0
12.0
12.0
29.0
30.0
12.0
12.0
12.0
15.0
15.0
13.0
13.0
13.0
2.0
2.0
2.0
2.0
2.0
2.0
1.0
1.0
1.0
1.0
26.0
26.0
26.0
26.0
26.0
26.0
26.0
26.0
30.0
18.0
21.0
21.0
24.0
28.0
28.0
28.0
28.0
28.0
28.0
28.0
18.0
18.0
18.0
4.0
4.0
4.0
4.0
4.0
4.0
4.0
41.0
41.0
41.0
41.0
41.0
41.0
41.0
41.0
41.0
41.0
12.0
12.0
12.0
12.0
12.0
7.0
7.0
8.0
8.0
8.0
2.0
2.0
2.0
2.0
2.0
2.0
2.0
1.0
1.0
1.0
4.0
4.0
4.0
4.0
4.0
4.0
4.0
4.0
2.0
2.0
41.0
22.0
25.0
30.0
30.0
30.0
30.0
30.0
30.0
30.0
34.0
34.0
34.0
34.0
34.0
34.0
34.0
34.0
34.0
34.0
8.0
8.0
8.0
8.0
8.0
8.0
11.0
11.0
11.0
11.0
5.0
5.0
5.0
5.0
5.0
5.0
5.0
5.0
5.0
5.0
16.0
21.0
21.0
21.0
21.0
21.0
21.0
21.0
21.0
24.0
15.0
15.0
15.0
15.0
20.0
20.0
20.0
5.0
5.0
5.0
31.0
21.0
21.0
21.0
21.0
21.0
21.0
21.0
21.0
21.0
23.0
23.0
23.0
23.0
23.0
23.0
23.0
23.0
23.0
23.0
24.0
24.0
24.0
24.0
24.0
24.0
24.0
24.0
24.0
24.0
11.0
11.0
11.0
11.0
11.0
11.0
13.0
13.0
13.0
13.0
11.0
11.0
11.0
11.0
11.0
12.0
12.0
12.0
12.0
12.0
5.0
5.0
6.0
6.0
6.0
6.0
6.0
2.0
2.0
2.0
22.0
22.0
22.0
22.0
22.0
22.0
22.0
22.0
22.0
22.0
18.0
18.0
18.0
18.0
18.0
18.0
18.0
18.0
18.0
18.0
22.0
22.0
22.0
24.0
24.0
24.0
24.0
24.0
24.0
24.0
12.0
12.0
12.0
12.0
12.0
12.0
12.0
12.0
12.0
12.0
17.0
17.0
17.0
17.0
17.0
17.0
17.0
17.0
17.0
17.0
16.0
16.0
16.0
16.0
10.0
10.0
10.0
10.0
10.0
10.0
9.0
9.0
9.0
9.0
9.0
9.0
9.0
9.0
9.0
9.0
1.0
1.0
1.0
1.0
1.0
1.0
1.0
2.0
2.0
2.0
13.0
13.0
13.0
13.0
13.0
13.0
13.0
13.0
13.0
13.0
22.0
22.0
22.0
22.0
22.0
22.0
22.0
22.0
22.0
22.0
11.0
11.0
11.0
11.0
11.0
11.0
11.0
11.0
15.0
16.0
8.0
8.0
8.0
8.0
8.0
8.0
8.0
8.0
8.0
8.0
31.0
31.0
31.0
33.0
33.0
37.0
37.0
37.0
37.0
43.0
31.0
31.0
31.0
31.0
31.0
31.0
31.0
31.0
31.0
31.0
6.0
6.0
6.0
6.0
6.0
6.0
7.0
7.0
7.0
7.0
20.0
20.0
20.0
20.0
20.0
20.0
24.0
24.0
24.0
24.0
8.0
8.0
8.0
8.0
9.0
9.0
9.0
9.0
9.0
9.0
22.0
22.0
22.0
24.0
24.0
24.0
24.0
24.0
24.0
24.0
7.0
7.0
7.0
7.0
7.0
7.0
7.0
7.0
7.0
4.0
3.0
3.0
3.0
3.0
3.0
3.0
3.0
3.0
3.0
3.0
33.0
33.0
33.0
33.0
33.0
33.0
33.0
33.0
33.0
33.0
3.0
3.0
3.0
3.0
3.0
3.0
4.0
4.0
4.0
2.0
22.0
22.0
22.0
22.0
22.0
11.0
11.0
11.0
11.0
11.0
36.0
36.0
36.0
36.0
36.0
36.0
36.0
36.0
36.0
36.0
40.0
40.0
43.0
30.0
30.0
30.0
30.0
30.0
30.0
30.0
27.0
28.0
28.0
28.0
28.0
28.0
28.0
28.0
28.0
28.0
10.0
10.0
10.0
10.0
10.0
10.0
10.0
13.0
13.0
13.0
15.0
15.0
15.0
15.0
16.0
16.0
16.0
16.0
16.0
16.0
39.0
39.0
39.0
39.0
40.0
40.0
40.0
40.0
40.0
40.0
19.0
21.0
21.0
21.0
21.0
21.0
21.0
21.0
21.0
21.0
34.0
34.0
34.0
34.0
34.0
34.0
34.0
34.0
34.0
34.0
24.0
24.0
24.0
24.0
24.0
24.0
24.0
24.0
24.0
24.0
19.0
25.0
25.0
25.0
25.0
25.0
31.0
31.0
31.0
31.0
4.0
4.0
4.0
4.0
4.0
4.0
4.0
4.0
4.0
4.0
13.0
13.0
13.0
13.0
13.0
13.0
13.0
5.0
5.0
5.0
3.0
3.0
2.0
2.0
2.0
2.0
2.0
2.0
2.0
2.0
27.0
27.0
8.0
8.0
8.0
8.0
8.0
8.0
8.0
8.0
4.0
4.0
4.0
4.0
4.0
4.0
4.0
4.0
4.0
4.0
26.0
26.0
26.0
26.0
26.0
27.0
27.0
14.0
14.0
14.0
11.0
11.0
11.0
11.0
11.0
11.0
11.0
11.0
11.0
11.0
12.0
12.0
12.0
12.0
12.0
12.0
12.0
12.0
12.0
12.0
20.0
20.0
6.0
6.0
7.0
7.0
7.0
7.0
7.0
7.0
10.0
10.0
10.0
10.0
10.0
10.0
10.0
10.0
10.0
10.0
32.0
32.0
32.0
32.0
32.0
32.0
32.0
32.0
32.0
32.0
2.0
2.0
2.0
2.0
2.0
2.0
2.0
2.0
2.0
2.0
49.0
49.0
49.0
49.0
49.0
49.0
49.0
49.0
49.0
49.0
25.0
25.0
25.0
25.0
25.0
25.0
25.0
25.0
25.0
25.0
35.0
35.0
35.0
35.0
35.0
35.0
35.0
35.0
35.0
35.0
30.0
39.0
39.0
39.0
43.0
43.0
43.0
43.0
43.0
46.0
25.0
25.0
25.0
28.0
28.0
28.0
28.0
28.0
28.0
28.0
14.0
15.0
15.0
5.0
5.0
5.0
5.0
2.0
2.0
2.0
35.0
35.0
35.0
16.0
16.0
16.0
16.0
16.0
16.0
16.0
6.0
6.0
6.0
6.0
6.0
2.0
2.0
2.0
2.0
2.0
3.0
3.0
3.0
3.0
3.0
3.0
3.0
3.0
3.0
3.0
22.0
22.0
22.0
13.0
13.0
13.0
13.0
13.0
13.0
13.0
1.0
2.0
2.0
2.0
2.0
2.0
1.0
1.0
2.0
1.0
33.0
33.0
33.0
33.0
33.0
36.0
36.0
17.0
14.0
14.0
38.0
38.0
38.0
38.0
38.0
15.0
9.0
9.0
9.0
9.0
56.0
56.0
56.0
56.0
56.0
56.0
62.0
62.0
62.0
62.0
13.0
13.0
13.0
13.0
13.0
13.0
13.0
13.0
13.0
13.0
43.0
43.0
43.0
43.0
43.0
43.0
43.0
43.0
43.0
43.0
33.0
33.0
33.0
33.0
33.0
33.0
33.0
33.0
21.0
21.0
8.0
8.0
8.0
8.0
8.0
8.0
9.0
9.0
9.0
9.0
24.0
24.0
24.0
24.0
24.0
24.0
24.0
24.0
24.0
24.0
13.0
13.0
13.0
13.0
13.0
13.0
13.0
15.0
15.0
16.0
54.0
54.0
54.0
54.0
54.0
54.0
54.0
15.0
15.0
21.0
13.0
13.0
13.0
13.0
13.0
13.0
13.0
13.0
18.0
18.0
12.0
12.0
12.0
12.0
12.0
12.0
12.0
13.0
13.0
13.0
9.0
5.0
5.0
5.0
5.0
4.0
4.0
4.0
5.0
2.0
16.0
16.0
17.0
17.0
20.0
20.0
20.0
20.0
20.0
22.0
27.0
27.0
27.0
27.0
27.0
27.0
29.0
29.0
29.0
29.0
29.0
29.0
29.0
29.0
29.0
29.0
29.0
37.0
37.0
37.0
3.0
3.0
3.0
3.0
3.0
3.0
3.0
3.0
3.0
3.0
5.0
3.0
4.0
5.0
5.0
5.0
5.0
5.0
5.0
6.0
12.0
12.0
12.0
12.0
12.0
12.0
12.0
12.0
12.0
12.0
2.0
2.0
2.0
2.0
2.0
2.0
2.0
2.0
3.0
3.0
15.0
15.0
15.0
15.0
15.0
15.0
15.0
15.0
15.0
15.0
14.0
14.0
15.0
17.0
17.0
17.0
17.0
17.0
17.0
17.0
30.0
30.0
30.0
30.0
30.0
30.0
30.0
30.0
30.0
30.0
