WIN FINALE DIS
12.0
12.0
12.0
12.0
12.0
12.0
12.0
12.0
12.0
12.0
23.0
14.0
14.0
14.0
14.0
14.0
6.0
6.0
7.0
7.0
17.0
17.0
17.0
17.0
19.0
19.0
19.0
19.0
19.0
23.0
14.0
20.0
20.0
20.0
20.0
22.0
22.0
22.0
22.0
22.0
28.0
28.0
29.0
29.0
29.0
29.0
29.0
30.0
30.0
30.0
14.0
14.0
14.0
14.0
14.0
14.0
14.0
14.0
14.0
14.0
6.0
6.0
7.0
3.0
3.0
3.0
3.0
2.0
1.0
1.0
31.0
31.0
31.0
31.0
31.0
31.0
31.0
31.0
31.0
31.0
9.0
10.0
10.0
10.0
10.0
10.0
10.0
12.0
12.0
12.0
57.0
57.0
61.0
61.0
61.0
61.0
82.0
82.0
82.0
82.0
26.0
26.0
26.0
26.0
32.0
32.0
32.0
32.0
32.0
32.0
44.0
44.0
44.0
44.0
44.0
44.0
14.0
14.0
14.0
14.0
27.0
27.0
27.0
27.0
27.0
27.0
27.0
27.0
27.0
27.0
7.0
7.0
7.0
7.0
7.0
7.0
7.0
7.0
7.0
7.0
35.0
35.0
35.0
35.0
35.0
35.0
38.0
38.0
38.0
38.0
7.0
7.0
7.0
7.0
7.0
7.0
7.0
7.0
3.0
3.0
43.0
48.0
48.0
48.0
48.0
55.0
55.0
55.0
55.0
55.0
26.0
26.0
26.0
26.0
26.0
30.0
30.0
30.0
32.0
32.0
13.0
13.0
13.0
13.0
13.0
13.0
13.0
13.0
13.0
13.0
20.0
20.0
20.0
20.0
20.0
20.0
20.0
20.0
20.0
20.0
8.0
8.0
8.0
8.0
8.0
8.0
8.0
8.0
8.0
8.0
1.0
1.0
1.0
1.0
1.0
2.0
2.0
3.0
3.0
3.0
39.0
39.0
49.0
49.0
49.0
49.0
49.0
49.0
49.0
49.0
1.0
1.0
1.0
1.0
1.0
1.0
1.0
1.0
2.0
2.0
5.0
6.0
6.0
6.0
6.0
6.0
6.0
7.0
7.0
7.0
16.0
16.0
16.0
16.0
16.0
16.0
16.0
16.0
16.0
16.0
28.0
28.0
28.0
28.0
28.0
32.0
32.0
32.0
32.0
32.0
6.0
6.0
8.0
8.0
8.0
8.0
8.0
10.0
12.0
12.0
36.0
36.0
36.0
36.0
36.0
36.0
36.0
36.0
36.0
36.0
6.0
6.0
6.0
7.0
8.0
8.0
9.0
9.0
9.0
9.0
4.0
4.0
4.0
2.0
2.0
2.0
2.0
2.0
2.0
2.0
14.0
14.0
14.0
14.0
14.0
14.0
14.0
14.0
14.0
14.0
44.0
44.0
44.0
44.0
44.0
44.0
44.0
44.0
44.0
44.0
29.0
29.0
29.0
29.0
29.0
29.0
30.0
30.0
30.0
32.0
11.0
11.0
11.0
11.0
11.0
11.0
11.0
11.0
11.0
11.0
6.0
6.0
6.0
6.0
6.0
6.0
6.0
6.0
6.0
6.0
8.0
8.0
8.0
8.0
8.0
8.0
8.0
8.0
5.0
5.0
65.0
65.0
65.0
65.0
70.0
70.0
70.0
70.0
70.0
70.0
16.0
16.0
16.0
17.0
17.0
17.0
17.0
22.0
22.0
22.0
36.0
36.0
37.0
37.0
17.0
17.0
17.0
17.0
17.0
20.0
31.0
31.0
31.0
31.0
31.0
31.0
31.0
31.0
31.0
31.0
3.0
3.0
3.0
3.0
3.0
3.0
3.0
3.0
3.0
3.0
37.0
50.0
50.0
50.0
50.0
50.0
50.0
50.0
50.0
50.0
33.0
33.0
33.0
14.0
14.0
14.0
14.0
14.0
14.0
14.0
28.0
20.0
20.0
22.0
22.0
22.0
22.0
22.0
6.0
6.0
12.0
12.0
12.0
12.0
12.0
12.0
12.0
12.0
12.0
12.0
38.0
38.0
38.0
38.0
38.0
38.0
38.0
41.0
41.0
19.0
15.0
15.0
15.0
15.0
15.0
15.0
15.0
15.0
15.0
15.0
22.0
22.0
22.0
22.0
22.0
22.0
22.0
22.0
22.0
26.0
16.0
16.0
16.0
16.0
16.0
16.0
16.0
16.0
16.0
16.0
21.0
22.0
22.0
22.0
22.0
22.0
22.0
22.0
22.0
22.0
29.0
29.0
29.0
29.0
29.0
29.0
29.0
29.0
29.0
29.0
19.0
19.0
21.0
21.0
21.0
21.0
21.0
21.0
21.0
21.0
27.0
27.0
27.0
27.0
27.0
27.0
27.0
9.0
9.0
9.0
53.0
53.0
53.0
24.0
24.0
24.0
24.0
24.0
24.0
24.0
32.0
32.0
40.0
40.0
40.0
40.0
44.0
44.0
44.0
44.0
11.0
11.0
11.0
5.0
5.0
5.0
5.0
6.0
6.0
7.0
16.0
16.0
16.0
16.0
16.0
16.0
16.0
16.0
16.0
16.0
26.0
26.0
26.0
26.0
26.0
26.0
26.0
26.0
26.0
26.0
7.0
7.0
8.0
8.0
8.0
8.0
8.0
8.0
11.0
11.0
26.0
26.0
26.0
28.0
28.0
28.0
28.0
28.0
15.0
15.0
7.0
7.0
7.0
7.0
7.0
8.0
8.0
8.0
8.0
8.0
15.0
15.0
15.0
15.0
15.0
15.0
15.0
15.0
8.0
8.0
28.0
29.0
29.0
31.0
31.0
31.0
34.0
34.0
47.0
47.0
24.0
24.0
24.0
24.0
24.0
24.0
24.0
24.0
24.0
24.0
23.0
23.0
23.0
23.0
23.0
23.0
23.0
24.0
24.0
9.0
19.0
19.0
19.0
19.0
19.0
19.0
19.0
19.0
19.0
19.0
3.0
3.0
3.0
3.0
3.0
2.0
2.0
2.0
2.0
2.0
30.0
38.0
38.0
38.0
38.0
38.0
38.0
38.0
38.0
38.0
21.0
21.0
21.0
21.0
21.0
21.0
21.0
21.0
21.0
21.0
1.0
1.0
1.0
1.0
2.0
2.0
2.0
1.0
1.0
1.0
24.0
24.0
25.0
25.0
25.0
27.0
27.0
27.0
27.0
27.0
13.0
13.0
13.0
13.0
13.0
13.0
13.0
13.0
13.0
13.0
4.0
4.0
4.0
4.0
4.0
4.0
4.0
5.0
5.0
6.0
1.0
1.0
2.0
2.0
2.0
2.0
2.0
2.0
1.0
1.0
9.0
2.0
2.0
2.0
2.0
2.0
3.0
3.0
3.0
3.0
4.0
4.0
4.0
4.0
4.0
4.0
4.0
4.0
5.0
5.0
16.0
16.0
16.0
16.0
16.0
16.0
16.0
16.0
16.0
16.0
10.0
10.0
10.0
10.0
11.0
11.0
11.0
11.0
11.0
11.0
24.0
24.0
24.0
24.0
33.0
33.0
33.0
12.0
18.0
18.0
31.0
31.0
31.0
31.0
33.0
33.0
33.0
33.0
33.0
33.0
17.0
17.0
17.0
17.0
17.0
17.0
10.0
10.0
10.0
10.0
9.0
9.0
10.0
11.0
11.0
11.0
11.0
11.0
11.0
11.0
33.0
33.0
33.0
38.0
38.0
38.0
38.0
38.0
38.0
40.0
10.0
10.0
10.0
10.0
11.0
11.0
11.0
11.0
11.0
11.0
31.0
31.0
31.0
9.0
9.0
9.0
9.0
9.0
9.0
9.0
32.0
32.0
32.0
32.0
32.0
44.0
44.0
44.0
44.0
44.0
10.0
10.0
10.0
10.0
10.0
11.0
11.0
11.0
11.0
11.0
29.0
29.0
29.0
29.0
29.0
29.0
29.0
29.0
29.0
29.0
21.0
22.0
22.0
22.0
22.0
22.0
22.0
22.0
22.0
22.0
7.0
2.0
2.0
2.0
2.0
3.0
3.0
3.0
3.0
1.0
44.0
44.0
44.0
49.0
49.0
49.0
49.0
49.0
49.0
49.0
31.0
35.0
35.0
35.0
35.0
35.0
35.0
35.0
39.0
39.0
12.0
12.0
12.0
12.0
12.0
12.0
12.0
12.0
12.0
12.0
32.0
32.0
32.0
32.0
37.0
37.0
37.0
37.0
37.0
37.0
44.0
44.0
44.0
44.0
44.0
44.0
44.0
44.0
44.0
44.0
39.0
39.0
39.0
39.0
39.0
39.0
46.0
46.0
46.0
46.0
26.0
26.0
26.0
26.0
26.0
26.0
26.0
28.0
28.0
28.0
9.0
9.0
9.0
9.0
9.0
10.0
10.0
10.0
10.0
10.0
16.0
16.0
19.0
19.0
24.0
27.0
27.0
27.0
27.0
27.0
31.0
31.0
31.0
31.0
31.0
33.0
33.0
33.0
33.0
33.0
53.0
78.0
78.0
78.0
78.0
78.0
78.0
78.0
78.0
37.0
17.0
17.0
17.0
17.0
17.0
17.0
17.0
17.0
17.0
19.0
8.0
8.0
8.0
8.0
10.0
10.0
10.0
10.0
10.0
10.0
14.0
14.0
14.0
14.0
14.0
14.0
14.0
19.0
19.0
22.0
33.0
33.0
33.0
33.0
33.0
44.0
44.0
44.0
44.0
30.0
5.0
5.0
5.0
5.0
5.0
5.0
5.0
5.0
6.0
6.0
20.0
20.0
20.0
20.0
20.0
20.0
20.0
20.0
20.0
20.0
25.0
25.0
25.0
25.0
25.0
25.0
27.0
27.0
27.0
27.0
2.0
2.0
2.0
2.0
2.0
2.0
2.0
2.0
2.0
2.0
2.0
2.0
2.0
2.0
2.0
1.0
1.0
1.0
1.0
1.0
78.0
78.0
78.0
78.0
78.0
97.0
97.0
97.0
97.0
97.0
17.0
17.0
17.0
17.0
17.0
17.0
17.0
17.0
17.0
17.0
12.0
12.0
12.0
12.0
12.0
12.0
12.0
12.0
12.0
12.0
47.0
47.0
47.0
47.0
47.0
47.0
47.0
52.0
52.0
52.0
5.0
5.0
5.0
5.0
5.0
5.0
6.0
6.0
6.0
6.0
2.0
2.0
2.0
2.0
2.0
2.0
1.0
2.0
2.0
2.0
31.0
31.0
35.0
35.0
35.0
35.0
35.0
35.0
35.0
35.0
18.0
18.0
18.0
18.0
18.0
19.0
19.0
19.0
19.0
19.0
50.0
50.0
50.0
50.0
50.0
50.0
50.0
25.0
25.0
25.0
3.0
3.0
3.0
3.0
3.0
3.0
3.0
3.0
3.0
3.0
10.0
10.0
10.0
10.0
10.0
7.0
7.0
7.0
8.0
9.0
29.0
40.0
40.0
40.0
13.0
13.0
13.0
17.0
17.0
17.0
2.0
2.0
2.0
2.0
2.0
2.0
2.0
2.0
2.0
2.0
34.0
34.0
34.0
34.0
37.0
37.0
37.0
21.0
21.0
12.0
13.0
13.0
13.0
13.0
13.0
13.0
13.0
13.0
13.0
13.0
23.0
23.0
23.0
23.0
23.0
23.0
23.0
23.0
23.0
23.0
1.0
2.0
2.0
2.0
2.0
2.0
2.0
2.0
2.0
2.0
15.0
15.0
15.0
15.0
15.0
15.0
15.0
15.0
15.0
15.0
20.0
20.0
20.0
20.0
20.0
20.0
20.0
20.0
20.0
20.0
5.0
5.0
7.0
9.0
9.0
9.0
9.0
9.0
9.0
9.0
13.0
13.0
13.0
13.0
13.0
13.0
13.0
13.0
13.0
13.0
6.0
6.0
6.0
6.0
6.0
6.0
6.0
6.0
6.0
6.0
6.0
6.0
6.0
6.0
7.0
7.0
7.0
7.0
7.0
7.0
51.0
51.0
51.0
51.0
51.0
55.0
55.0
55.0
33.0
33.0
27.0
27.0
27.0
27.0
27.0
27.0
27.0
27.0
27.0
27.0
1.0
1.0
1.0
1.0
1.0
1.0
2.0
2.0
2.0
2.0
20.0
20.0
20.0
20.0
20.0
20.0
20.0
20.0
20.0
20.0
9.0
10.0
10.0
10.0
10.0
12.0
16.0
16.0
16.0
16.0
11.0
11.0
11.0
11.0
11.0
11.0
11.0
11.0
11.0
11.0
7.0
7.0
7.0
7.0
7.0
7.0
7.0
7.0
7.0
4.0
6.0
6.0
6.0
6.0
7.0
3.0
3.0
3.0
1.0
1.0
13.0
15.0
15.0
15.0
15.0
15.0
15.0
15.0
15.0
15.0
6.0
6.0
6.0
7.0
7.0
8.0
8.0
4.0
4.0
4.0
34.0
34.0
35.0
36.0
43.0
43.0
31.0
39.0
39.0
39.0
7.0
8.0
9.0
9.0
9.0
9.0
9.0
9.0
9.0
9.0
17.0
17.0
17.0
17.0
17.0
21.0
21.0
21.0
21.0
27.0
18.0
21.0
21.0
21.0
29.0
29.0
29.0
33.0
33.0
33.0
37.0
37.0
37.0
37.0
37.0
37.0
40.0
40.0
52.0
52.0
63.0
63.0
63.0
63.0
63.0
63.0
69.0
69.0
69.0
16.0
13.0
13.0
13.0
13.0
13.0
14.0
14.0
12.0
12.0
12.0
36.0
36.0
36.0
36.0
36.0
36.0
36.0
36.0
36.0
36.0
35.0
35.0
35.0
35.0
35.0
35.0
35.0
35.0
35.0
35.0
11.0
11.0
11.0
11.0
12.0
12.0
12.0
12.0
12.0
12.0
6.0
6.0
6.0
6.0
6.0
6.0
6.0
10.0
10.0
10.0
22.0
22.0
22.0
22.0
22.0
22.0
22.0
22.0
22.0
29.0
38.0
38.0
38.0
38.0
38.0
38.0
38.0
38.0
38.0
38.0
1.0
2.0
2.0
2.0
2.0
2.0
1.0
1.0
2.0
2.0
8.0
8.0
8.0
8.0
3.0
3.0
3.0
3.0
3.0
3.0
44.0
44.0
44.0
44.0
48.0
48.0
48.0
48.0
48.0
48.0
2.0
2.0
2.0
2.0
2.0
2.0
2.0
2.0
2.0
2.0
41.0
41.0
41.0
41.0
24.0
30.0
30.0
30.0
30.0
20.0
21.0
21.0
21.0
19.0
19.0
20.0
20.0
20.0
20.0
21.0
5.0
5.0
5.0
1.0
1.0
1.0
1.0
1.0
2.0
2.0
66.0
66.0
66.0
66.0
66.0
66.0
66.0
66.0
66.0
66.0
27.0
27.0
27.0
27.0
27.0
27.0
27.0
27.0
13.0
19.0
35.0
38.0
38.0
38.0
38.0
38.0
50.0
50.0
50.0
50.0
29.0
29.0
29.0
29.0
29.0
29.0
29.0
29.0
29.0
29.0
35.0
35.0
35.0
35.0
35.0
35.0
35.0
35.0
35.0
35.0
25.0
29.0
29.0
29.0
29.0
29.0
29.0
29.0
32.0
32.0
18.0
18.0
18.0
12.0
12.0
14.0
14.0
14.0
14.0
14.0
11.0
11.0
11.0
11.0
11.0
11.0
11.0
11.0
11.0
6.0
7.0
4.0
4.0
4.0
4.0
3.0
3.0
3.0
3.0
3.0
28.0
28.0
28.0
28.0
28.0
28.0
28.0
28.0
28.0
28.0
16.0
16.0
21.0
23.0
23.0
23.0
23.0
23.0
23.0
23.0
23.0
23.0
23.0
23.0
25.0
25.0
25.0
25.0
25.0
25.0
4.0
5.0
5.0
5.0
5.0
5.0
5.0
2.0
3.0
3.0
1.0
1.0
1.0
1.0
1.0
1.0
1.0
1.0
1.0
1.0
26.0
26.0
26.0
26.0
37.0
37.0
37.0
37.0
37.0
37.0
41.0
41.0
41.0
41.0
41.0
41.0
41.0
41.0
41.0
41.0
39.0
39.0
39.0
39.0
39.0
39.0
39.0
39.0
39.0
39.0
17.0
17.0
17.0
17.0
17.0
18.0
18.0
18.0
18.0
18.0
15.0
15.0
15.0
17.0
18.0
18.0
18.0
18.0
18.0
18.0
4.0
4.0
4.0
4.0
4.0
4.0
4.0
4.0
4.0
4.0
4.0
4.0
4.0
4.0
4.0
4.0
1.0
1.0
1.0
1.0
15.0
15.0
15.0
15.0
15.0
15.0
5.0
5.0
7.0
7.0
23.0
23.0
23.0
23.0
23.0
23.0
23.0
23.0
23.0
23.0
44.0
44.0
44.0
44.0
44.0
44.0
44.0
44.0
44.0
44.0
22.0
22.0
22.0
22.0
23.0
23.0
23.0
23.0
23.0
23.0
21.0
21.0
22.0
22.0
22.0
22.0
22.0
22.0
22.0
22.0
17.0
17.0
17.0
17.0
17.0
17.0
17.0
17.0
17.0
17.0
1.0
1.0
1.0
1.0
1.0
1.0
1.0
1.0
1.0
2.0
6.0
6.0
6.0
6.0
8.0
8.0
8.0
8.0
8.0
8.0
17.0
17.0
17.0
17.0
17.0
17.0
17.0
17.0
17.0
17.0
27.0
27.0
27.0
27.0
27.0
27.0
27.0
27.0
33.0
33.0
27.0
27.0
27.0
27.0
27.0
27.0
41.0
55.0
55.0
55.0
18.0
18.0
18.0
18.0
18.0
18.0
5.0
5.0
5.0
5.0
45.0
45.0
45.0
45.0
39.0
23.0
23.0
23.0
7.0
7.0
4.0
4.0
4.0
4.0
4.0
2.0
2.0
1.0
1.0
1.0
39.0
39.0
39.0
39.0
39.0
39.0
41.0
41.0
48.0
48.0
13.0
13.0
13.0
13.0
13.0
13.0
13.0
16.0
19.0
19.0
43.0
43.0
43.0
50.0
50.0
50.0
59.0
61.0
61.0
61.0
43.0
43.0
43.0
43.0
43.0
43.0
43.0
43.0
43.0
43.0
34.0
38.0
38.0
45.0
45.0
45.0
45.0
45.0
45.0
45.0
63.0
63.0
63.0
63.0
63.0
77.0
77.0
77.0
77.0
39.0
50.0
50.0
50.0
50.0
50.0
50.0
50.0
50.0
50.0
50.0
21.0
21.0
21.0
21.0
21.0
21.0
21.0
21.0
21.0
21.0
41.0
41.0
41.0
41.0
41.0
41.0
45.0
51.0
51.0
51.0
33.0
36.0
36.0
36.0
36.0
36.0
36.0
36.0
36.0
36.0
23.0
23.0
23.0
23.0
23.0
23.0
23.0
23.0
23.0
23.0
3.0
2.0
2.0
2.0
2.0
2.0
2.0
2.0
2.0
2.0
41.0
41.0
41.0
41.0
41.0
41.0
41.0
41.0
41.0
41.0
26.0
26.0
26.0
26.0
13.0
13.0
13.0
13.0
13.0
3.0
3.0
3.0
3.0
3.0
3.0
3.0
3.0
3.0
2.0
2.0
28.0
28.0
28.0
28.0
28.0
28.0
28.0
28.0
28.0
28.0
22.0
22.0
22.0
22.0
22.0
22.0
22.0
22.0
22.0
22.0
13.0
13.0
13.0
13.0
13.0
15.0
15.0
17.0
17.0
17.0
27.0
27.0
27.0
27.0
27.0
27.0
27.0
27.0
27.0
27.0
32.0
32.0
32.0
32.0
32.0
32.0
32.0
32.0
32.0
32.0
16.0
8.0
8.0
8.0
8.0
5.0
5.0
5.0
6.0
6.0
27.0
27.0
27.0
27.0
27.0
32.0
32.0
32.0
32.0
32.0
9.0
9.0
9.0
9.0
9.0
3.0
3.0
3.0
3.0
3.0
11.0
11.0
11.0
11.0
12.0
12.0
13.0
13.0
13.0
13.0
4.0
4.0
5.0
6.0
6.0
6.0
6.0
6.0
7.0
7.0
6.0
6.0
6.0
6.0
6.0
6.0
6.0
6.0
6.0
6.0
15.0
15.0
15.0
15.0
15.0
15.0
15.0
15.0
18.0
18.0
17.0
17.0
17.0
17.0
17.0
17.0
17.0
17.0
17.0
17.0
6.0
6.0
6.0
6.0
6.0
6.0
6.0
2.0
2.0
2.0
17.0
17.0
17.0
17.0
17.0
17.0
17.0
17.0
17.0
17.0
28.0
28.0
28.0
28.0
28.0
28.0
28.0
28.0
28.0
28.0
27.0
27.0
27.0
27.0
27.0
27.0
27.0
27.0
27.0
27.0
11.0
11.0
13.0
13.0
13.0
13.0
13.0
13.0
13.0
13.0
14.0
14.0
14.0
14.0
16.0
16.0
16.0
16.0
16.0
16.0
9.0
9.0
9.0
9.0
9.0
9.0
9.0
9.0
9.0
9.0
4.0
4.0
4.0
4.0
4.0
4.0
4.0
4.0
4.0
4.0
31.0
31.0
31.0
31.0
31.0
31.0
31.0
31.0
31.0
31.0
55.0
55.0
55.0
55.0
55.0
55.0
55.0
55.0
55.0
55.0
18.0
18.0
18.0
18.0
18.0
18.0
18.0
18.0
18.0
18.0
32.0
32.0
32.0
36.0
18.0
18.0
18.0
18.0
13.0
13.0
29.0
29.0
29.0
29.0
29.0
29.0
29.0
29.0
29.0
29.0
40.0
40.0
49.0
49.0
49.0
49.0
64.0
65.0
65.0
65.0
13.0
13.0
13.0
13.0
13.0
13.0
13.0
13.0
13.0
13.0
14.0
14.0
14.0
14.0
14.0
14.0
14.0
14.0
14.0
7.0
19.0
19.0
19.0
19.0
19.0
19.0
19.0
19.0
19.0
19.0
22.0
22.0
22.0
22.0
22.0
22.0
22.0
22.0
22.0
22.0
24.0
24.0
24.0
24.0
24.0
24.0
24.0
26.0
26.0
26.0
24.0
24.0
24.0
8.0
8.0
8.0
8.0
3.0
4.0
4.0
4.0
4.0
4.0
4.0
3.0
2.0
3.0
3.0
3.0
3.0
7.0
8.0
8.0
4.0
4.0
4.0
5.0
5.0
5.0
5.0
41.0
41.0
41.0
41.0
41.0
41.0
47.0
47.0
47.0
47.0
34.0
34.0
34.0
34.0
34.0
34.0
34.0
34.0
34.0
34.0
32.0
32.0
32.0
32.0
32.0
32.0
32.0
39.0
39.0
39.0
7.0
7.0
7.0
7.0
7.0
4.0
4.0
4.0
4.0
4.0
41.0
41.0
41.0
26.0
26.0
26.0
26.0
26.0
27.0
27.0
33.0
33.0
33.0
33.0
33.0
33.0
33.0
33.0
33.0
33.0
8.0
8.0
8.0
8.0
8.0
8.0
8.0
8.0
8.0
8.0
19.0
19.0
19.0
22.0
22.0
22.0
22.0
22.0
22.0
22.0
37.0
37.0
37.0
37.0
37.0
37.0
37.0
37.0
37.0
37.0
16.0
16.0
16.0
20.0
26.0
26.0
26.0
29.0
7.0
7.0
191.0
191.0
191.0
191.0
191.0
62.0
62.0
27.0
27.0
37.0
15.0
15.0
15.0
15.0
15.0
15.0
15.0
15.0
15.0
15.0
12.0
12.0
12.0
12.0
12.0
12.0
12.0
12.0
12.0
12.0
45.0
45.0
45.0
45.0
45.0
45.0
46.0
46.0
46.0
46.0
14.0
14.0
15.0
15.0
17.0
17.0
17.0
22.0
24.0
24.0
36.0
36.0
36.0
36.0
36.0
42.0
42.0
42.0
42.0
42.0
36.0
36.0
36.0
36.0
36.0
36.0
46.0
46.0
57.0
57.0
20.0
20.0
20.0
20.0
20.0
20.0
20.0
23.0
23.0
23.0
11.0
14.0
14.0
14.0
14.0
14.0
14.0
14.0
14.0
14.0
10.0
10.0
10.0
10.0
10.0
10.0
11.0
11.0
11.0
11.0
12.0
12.0
12.0
12.0
12.0
12.0
12.0
13.0
15.0
15.0
7.0
7.0
7.0
7.0
7.0
7.0
7.0
7.0
9.0
9.0
12.0
12.0
12.0
12.0
12.0
12.0
12.0
12.0
12.0
12.0
8.0
8.0
10.0
10.0
10.0
15.0
15.0
15.0
15.0
15.0
20.0
20.0
20.0
22.0
22.0
22.0
22.0
22.0
22.0
22.0
15.0
17.0
17.0
18.0
18.0
18.0
7.0
7.0
7.0
7.0
13.0
13.0
17.0
17.0
17.0
17.0
17.0
17.0
17.0
17.0
1.0
1.0
1.0
1.0
2.0
3.0
3.0
1.0
1.0
1.0
54.0
54.0
58.0
58.0
58.0
58.0
58.0
59.0
59.0
59.0
16.0
16.0
16.0
16.0
16.0
16.0
16.0
16.0
16.0
16.0
41.0
41.0
41.0
41.0
41.0
41.0
41.0
41.0
41.0
41.0
23.0
23.0
23.0
23.0
23.0
23.0
23.0
23.0
23.0
23.0
29.0
29.0
29.0
29.0
29.0
29.0
29.0
31.0
31.0
31.0
2.0
2.0
2.0
3.0
3.0
3.0
3.0
3.0
3.0
3.0
11.0
11.0
11.0
11.0
11.0
11.0
11.0
11.0
11.0
11.0
7.0
7.0
7.0
8.0
8.0
8.0
8.0
8.0
8.0
8.0
30.0
30.0
30.0
37.0
37.0
42.0
42.0
42.0
42.0
42.0
36.0
36.0
36.0
36.0
36.0
36.0
36.0
36.0
36.0
36.0
5.0
1.0
1.0
1.0
1.0
2.0
2.0
2.0
2.0
2.0
6.0
6.0
6.0
6.0
6.0
6.0
6.0
6.0
6.0
6.0
24.0
24.0
24.0
24.0
24.0
24.0
24.0
24.0
26.0
26.0
1.0
1.0
1.0
2.0
2.0
2.0
2.0
2.0
2.0
2.0
2.0
2.0
2.0
2.0
2.0
2.0
2.0
2.0
2.0
1.0
2.0
3.0
4.0
5.0
2.0
2.0
2.0
2.0
2.0
2.0
3.0
3.0
3.0
3.0
3.0
3.0
3.0
3.0
3.0
3.0
25.0
25.0
28.0
28.0
28.0
28.0
28.0
28.0
28.0
28.0
13.0
13.0
13.0
14.0
14.0
14.0
6.0
6.0
6.0
6.0
10.0
10.0
11.0
11.0
11.0
11.0
11.0
11.0
11.0
11.0
24.0
24.0
24.0
24.0
24.0
24.0
28.0
28.0
28.0
28.0
14.0
14.0
14.0
14.0
14.0
14.0
14.0
14.0
14.0
14.0
7.0
8.0
8.0
8.0
8.0
9.0
9.0
9.0
9.0
7.0
9.0
9.0
9.0
9.0
9.0
9.0
9.0
9.0
9.0
10.0
35.0
37.0
37.0
47.0
47.0
47.0
47.0
47.0
33.0
33.0
54.0
54.0
54.0
54.0
54.0
54.0
54.0
54.0
54.0
54.0
33.0
14.0
14.0
14.0
14.0
14.0
14.0
14.0
14.0
14.0
10.0
10.0
10.0
10.0
2.0
2.0
2.0
3.0
3.0
3.0
3.0
3.0
3.0
3.0
3.0
3.0
3.0
3.0
3.0
3.0
21.0
21.0
21.0
21.0
21.0
21.0
21.0
21.0
21.0
21.0
34.0
34.0
34.0
34.0
34.0
34.0
34.0
34.0
34.0
34.0
35.0
35.0
35.0
35.0
35.0
35.0
35.0
35.0
13.0
6.0
7.0
7.0
7.0
7.0
7.0
7.0
7.0
7.0
7.0
7.0
40.0
40.0
40.0
40.0
40.0
40.0
40.0
40.0
40.0
40.0
15.0
15.0
15.0
15.0
15.0
15.0
15.0
6.0
6.0
7.0
8.0
8.0
8.0
8.0
8.0
9.0
9.0
9.0
9.0
9.0
4.0
4.0
4.0
4.0
4.0
4.0
4.0
4.0
4.0
4.0
12.0
12.0
12.0
12.0
13.0
13.0
13.0
13.0
13.0
13.0
9.0
9.0
9.0
10.0
10.0
10.0
10.0
10.0
3.0
3.0
28.0
28.0
28.0
15.0
15.0
15.0
15.0
15.0
15.0
16.0
20.0
20.0
20.0
20.0
20.0
20.0
22.0
22.0
22.0
22.0
27.0
27.0
15.0
15.0
15.0
15.0
15.0
10.0
10.0
10.0
39.0
39.0
39.0
39.0
39.0
39.0
39.0
39.0
41.0
41.0
54.0
54.0
54.0
58.0
31.0
31.0
31.0
31.0
31.0
31.0
29.0
29.0
29.0
30.0
30.0
30.0
30.0
30.0
30.0
30.0
3.0
3.0
3.0
1.0
1.0
1.0
2.0
2.0
2.0
2.0
14.0
8.0
9.0
9.0
9.0
9.0
9.0
9.0
6.0
6.0
5.0
5.0
5.0
5.0
5.0
5.0
7.0
7.0
7.0
8.0
25.0
25.0
25.0
25.0
25.0
25.0
25.0
25.0
25.0
25.0
8.0
8.0
8.0
8.0
8.0
8.0
8.0
8.0
8.0
6.0
11.0
11.0
11.0
12.0
12.0
14.0
14.0
14.0
14.0
16.0
22.0
22.0
22.0
22.0
22.0
25.0
25.0
25.0
25.0
25.0
25.0
25.0
25.0
25.0
25.0
25.0
25.0
25.0
25.0
25.0
4.0
4.0
4.0
5.0
5.0
5.0
5.0
6.0
7.0
7.0
3.0
3.0
3.0
3.0
3.0
3.0
3.0
3.0
3.0
3.0
49.0
55.0
55.0
12.0
12.0
12.0
12.0
12.0
12.0
12.0
68.0
68.0
68.0
68.0
68.0
68.0
68.0
68.0
74.0
74.0
13.0
13.0
13.0
13.0
13.0
13.0
13.0
13.0
13.0
13.0
18.0
18.0
18.0
18.0
18.0
18.0
18.0
18.0
18.0
18.0
31.0
31.0
35.0
35.0
35.0
35.0
35.0
35.0
35.0
35.0
41.0
41.0
41.0
41.0
41.0
41.0
41.0
41.0
41.0
41.0
31.0
42.0
42.0
42.0
42.0
42.0
42.0
42.0
55.0
55.0
32.0
32.0
32.0
32.0
32.0
32.0
32.0
44.0
49.0
49.0
10.0
10.0
6.0
6.0
7.0
8.0
8.0
8.0
8.0
10.0
11.0
11.0
11.0
11.0
11.0
11.0
11.0
11.0
11.0
11.0
12.0
12.0
12.0
12.0
12.0
13.0
13.0
13.0
13.0
13.0
8.0
8.0
5.0
5.0
5.0
5.0
5.0
5.0
1.0
1.0
37.0
37.0
37.0
37.0
37.0
12.0
12.0
12.0
13.0
16.0
17.0
17.0
17.0
17.0
17.0
17.0
17.0
17.0
17.0
17.0
3.0
1.0
1.0
1.0
2.0
2.0
2.0
2.0
2.0
2.0
3.0
3.0
3.0
3.0
3.0
3.0
3.0
3.0
3.0
3.0
44.0
44.0
44.0
44.0
44.0
44.0
44.0
44.0
44.0
44.0
3.0
3.0
3.0
3.0
3.0
1.0
1.0
1.0
1.0
1.0
