WIN FINALE DIS
13.0
13.0
13.0
13.0
4.0
4.0
4.0
4.0
4.0
4.0
16.0
16.0
16.0
16.0
16.0
16.0
16.0
16.0
16.0
20.0
58.0
58.0
58.0
58.0
58.0
58.0
58.0
69.0
69.0
69.0
7.0
7.0
7.0
7.0
7.0
7.0
7.0
7.0
7.0
7.0
27.0
27.0
27.0
28.0
28.0
28.0
28.0
35.0
35.0
35.0
2.0
2.0
2.0
2.0
2.0
2.0
2.0
2.0
2.0
2.0
1.0
1.0
1.0
2.0
2.0
2.0
2.0
2.0
2.0
2.0
4.0
4.0
4.0
4.0
4.0
4.0
4.0
4.0
4.0
6.0
17.0
17.0
21.0
21.0
21.0
21.0
21.0
21.0
21.0
21.0
5.0
6.0
6.0
6.0
6.0
6.0
6.0
6.0
6.0
7.0
34.0
34.0
34.0
15.0
15.0
15.0
15.0
15.0
15.0
15.0
10.0
10.0
10.0
10.0
10.0
10.0
10.0
7.0
9.0
9.0
1.0
1.0
1.0
1.0
1.0
1.0
1.0
1.0
1.0
1.0
25.0
25.0
25.0
25.0
25.0
29.0
29.0
29.0
29.0
29.0
50.0
17.0
17.0
17.0
17.0
22.0
22.0
22.0
22.0
22.0
14.0
14.0
14.0
14.0
14.0
14.0
14.0
14.0
14.0
14.0
2.0
2.0
2.0
2.0
2.0
2.0
2.0
2.0
2.0
2.0
22.0
22.0
22.0
22.0
22.0
22.0
22.0
22.0
22.0
22.0
8.0
8.0
8.0
8.0
8.0
8.0
8.0
8.0
8.0
10.0
29.0
29.0
32.0
32.0
32.0
32.0
33.0
33.0
40.0
40.0
2.0
2.0
2.0
2.0
2.0
2.0
3.0
3.0
3.0
3.0
21.0
21.0
12.0
12.0
12.0
12.0
12.0
12.0
12.0
12.0
48.0
48.0
48.0
48.0
48.0
48.0
48.0
30.0
30.0
30.0
27.0
27.0
27.0
27.0
29.0
29.0
29.0
29.0
29.0
29.0
47.0
49.0
49.0
49.0
49.0
49.0
49.0
49.0
49.0
49.0
2.0
2.0
2.0
1.0
1.0
1.0
1.0
1.0
1.0
1.0
26.0
26.0
26.0
26.0
26.0
12.0
12.0
12.0
12.0
12.0
2.0
2.0
2.0
1.0
2.0
2.0
2.0
2.0
2.0
2.0
3.0
3.0
3.0
3.0
3.0
3.0
3.0
3.0
3.0
3.0
17.0
17.0
17.0
19.0
19.0
19.0
19.0
19.0
23.0
23.0
9.0
9.0
9.0
11.0
11.0
11.0
11.0
12.0
12.0
12.0
30.0
30.0
30.0
30.0
30.0
30.0
30.0
30.0
30.0
30.0
2.0
2.0
2.0
2.0
2.0
2.0
2.0
2.0
1.0
2.0
3.0
3.0
3.0
3.0
3.0
3.0
3.0
3.0
3.0
3.0
30.0
30.0
30.0
30.0
30.0
38.0
38.0
38.0
38.0
38.0
5.0
5.0
5.0
5.0
5.0
5.0
5.0
5.0
5.0
2.0
27.0
27.0
27.0
27.0
27.0
27.0
27.0
27.0
27.0
27.0
45.0
47.0
47.0
47.0
47.0
47.0
47.0
47.0
47.0
47.0
22.0
22.0
22.0
22.0
10.0
10.0
10.0
10.0
10.0
10.0
9.0
9.0
9.0
9.0
9.0
9.0
9.0
9.0
4.0
4.0
35.0
35.0
35.0
35.0
35.0
35.0
35.0
35.0
35.0
35.0
4.0
4.0
4.0
4.0
5.0
5.0
5.0
5.0
5.0
5.0
7.0
7.0
7.0
7.0
7.0
7.0
7.0
7.0
7.0
7.0
3.0
3.0
3.0
4.0
5.0
5.0
5.0
5.0
5.0
5.0
9.0
9.0
9.0
9.0
9.0
9.0
9.0
9.0
9.0
9.0
21.0
21.0
21.0
8.0
8.0
8.0
8.0
9.0
9.0
9.0
14.0
14.0
14.0
14.0
14.0
14.0
14.0
14.0
14.0
14.0
35.0
35.0
35.0
35.0
35.0
35.0
39.0
39.0
39.0
39.0
19.0
19.0
19.0
19.0
23.0
23.0
23.0
23.0
23.0
23.0
12.0
12.0
12.0
12.0
12.0
12.0
12.0
12.0
12.0
12.0
26.0
26.0
28.0
28.0
28.0
28.0
28.0
28.0
28.0
28.0
17.0
17.0
17.0
17.0
17.0
17.0
20.0
20.0
28.0
28.0
14.0
14.0
15.0
15.0
15.0
15.0
15.0
15.0
15.0
15.0
38.0
38.0
38.0
38.0
38.0
38.0
38.0
38.0
38.0
38.0
14.0
14.0
14.0
14.0
14.0
14.0
18.0
18.0
18.0
20.0
13.0
13.0
15.0
15.0
15.0
15.0
15.0
15.0
7.0
8.0
4.0
5.0
5.0
5.0
5.0
5.0
5.0
5.0
5.0
5.0
21.0
21.0
23.0
23.0
23.0
23.0
23.0
23.0
13.0
13.0
14.0
14.0
14.0
14.0
14.0
14.0
14.0
18.0
18.0
20.0
8.0
8.0
8.0
11.0
11.0
11.0
11.0
11.0
11.0
14.0
20.0
20.0
20.0
24.0
24.0
24.0
24.0
24.0
24.0
24.0
18.0
18.0
18.0
18.0
18.0
18.0
18.0
18.0
18.0
18.0
10.0
10.0
10.0
10.0
10.0
10.0
10.0
10.0
10.0
10.0
15.0
15.0
15.0
15.0
15.0
15.0
15.0
15.0
15.0
15.0
19.0
19.0
19.0
19.0
19.0
19.0
19.0
19.0
19.0
19.0
27.0
27.0
27.0
34.0
34.0
34.0
34.0
34.0
34.0
25.0
14.0
14.0
14.0
14.0
14.0
14.0
14.0
14.0
14.0
14.0
31.0
33.0
33.0
33.0
33.0
33.0
33.0
33.0
33.0
43.0
1.0
2.0
2.0
2.0
2.0
2.0
2.0
2.0
1.0
1.0
8.0
8.0
8.0
8.0
8.0
8.0
9.0
9.0
9.0
9.0
9.0
9.0
12.0
12.0
12.0
12.0
12.0
12.0
12.0
12.0
20.0
20.0
20.0
20.0
20.0
20.0
20.0
20.0
20.0
20.0
10.0
10.0
10.0
10.0
13.0
13.0
13.0
13.0
16.0
16.0
16.0
16.0
16.0
16.0
16.0
16.0
16.0
16.0
16.0
16.0
5.0
5.0
5.0
5.0
5.0
5.0
5.0
5.0
5.0
5.0
69.0
69.0
69.0
17.0
17.0
17.0
17.0
17.0
17.0
17.0
13.0
13.0
13.0
13.0
13.0
13.0
13.0
13.0
13.0
13.0
4.0
4.0
4.0
4.0
4.0
4.0
4.0
2.0
2.0
2.0
31.0
31.0
31.0
31.0
31.0
34.0
34.0
34.0
37.0
37.0
43.0
43.0
43.0
54.0
54.0
69.0
69.0
69.0
69.0
69.0
51.0
51.0
51.0
51.0
68.0
68.0
68.0
68.0
68.0
68.0
17.0
7.0
7.0
7.0
7.0
7.0
7.0
7.0
7.0
9.0
34.0
34.0
34.0
34.0
34.0
34.0
34.0
35.0
35.0
50.0
21.0
21.0
3.0
3.0
3.0
4.0
4.0
4.0
4.0
4.0
6.0
6.0
6.0
6.0
6.0
6.0
6.0
6.0
6.0
7.0
3.0
3.0
2.0
3.0
3.0
3.0
3.0
3.0
3.0
3.0
16.0
16.0
16.0
11.0
11.0
11.0
11.0
11.0
11.0
11.0
10.0
11.0
11.0
11.0
5.0
5.0
5.0
5.0
5.0
5.0
13.0
5.0
5.0
5.0
5.0
6.0
6.0
6.0
6.0
6.0
12.0
12.0
12.0
12.0
12.0
12.0
12.0
12.0
12.0
13.0
3.0
3.0
3.0
3.0
3.0
3.0
2.0
2.0
2.0
2.0
1.0
1.0
1.0
1.0
2.0
3.0
3.0
4.0
5.0
5.0
6.0
7.0
7.0
7.0
7.0
7.0
7.0
7.0
7.0
7.0
22.0
22.0
22.0
23.0
23.0
23.0
23.0
23.0
23.0
23.0
36.0
36.0
36.0
36.0
36.0
36.0
26.0
26.0
26.0
26.0
20.0
20.0
20.0
20.0
20.0
20.0
20.0
20.0
20.0
20.0
20.0
20.0
20.0
21.0
21.0
21.0
21.0
21.0
22.0
22.0
1.0
1.0
1.0
1.0
1.0
1.0
1.0
1.0
1.0
1.0
5.0
5.0
5.0
5.0
5.0
5.0
5.0
5.0
5.0
5.0
13.0
13.0
13.0
13.0
13.0
13.0
13.0
13.0
15.0
15.0
30.0
30.0
30.0
30.0
30.0
19.0
19.0
19.0
19.0
19.0
13.0
13.0
13.0
13.0
13.0
14.0
14.0
14.0
14.0
14.0
62.0
62.0
62.0
62.0
62.0
62.0
62.0
62.0
62.0
64.0
24.0
29.0
29.0
29.0
29.0
30.0
30.0
30.0
30.0
30.0
5.0
5.0
5.0
5.0
5.0
5.0
5.0
5.0
5.0
5.0
9.0
9.0
9.0
9.0
9.0
9.0
9.0
9.0
9.0
9.0
23.0
25.0
25.0
25.0
25.0
25.0
25.0
25.0
25.0
25.0
24.0
24.0
26.0
26.0
26.0
26.0
26.0
28.0
28.0
21.0
43.0
43.0
43.0
43.0
43.0
43.0
43.0
43.0
43.0
46.0
28.0
28.0
28.0
28.0
28.0
28.0
28.0
28.0
28.0
28.0
38.0
38.0
38.0
38.0
38.0
38.0
38.0
38.0
38.0
38.0
2.0
2.0
2.0
2.0
2.0
2.0
2.0
2.0
2.0
2.0
26.0
26.0
26.0
26.0
26.0
26.0
26.0
26.0
26.0
26.0
37.0
37.0
37.0
37.0
47.0
47.0
47.0
47.0
47.0
47.0
22.0
22.0
22.0
22.0
22.0
23.0
23.0
23.0
23.0
23.0
17.0
17.0
17.0
17.0
17.0
17.0
17.0
17.0
17.0
17.0
27.0
27.0
27.0
27.0
27.0
27.0
35.0
35.0
35.0
37.0
36.0
36.0
36.0
36.0
39.0
25.0
25.0
25.0
12.0
12.0
39.0
39.0
39.0
39.0
40.0
40.0
40.0
40.0
40.0
40.0
1.0
1.0
1.0
1.0
1.0
1.0
1.0
1.0
1.0
1.0
41.0
43.0
43.0
43.0
43.0
43.0
43.0
43.0
43.0
43.0
3.0
3.0
3.0
3.0
5.0
5.0
5.0
5.0
5.0
5.0
14.0
14.0
14.0
14.0
14.0
14.0
14.0
14.0
14.0
14.0
1.0
1.0
2.0
2.0
2.0
2.0
2.0
2.0
2.0
2.0
51.0
51.0
51.0
15.0
15.0
16.0
16.0
16.0
16.0
16.0
18.0
18.0
19.0
19.0
19.0
21.0
21.0
21.0
25.0
25.0
31.0
31.0
31.0
43.0
45.0
45.0
45.0
45.0
45.0
45.0
60.0
60.0
60.0
60.0
60.0
60.0
60.0
60.0
60.0
60.0
14.0
14.0
14.0
14.0
14.0
14.0
14.0
14.0
17.0
17.0
40.0
40.0
40.0
40.0
40.0
40.0
40.0
40.0
40.0
40.0
10.0
10.0
10.0
10.0
10.0
10.0
10.0
10.0
10.0
10.0
28.0
28.0
28.0
28.0
28.0
28.0
13.0
13.0
13.0
13.0
4.0
4.0
4.0
4.0
4.0
4.0
4.0
4.0
4.0
4.0
52.0
23.0
23.0
23.0
23.0
23.0
23.0
24.0
24.0
24.0
3.0
3.0
3.0
4.0
4.0
4.0
4.0
4.0
4.0
4.0
1.0
1.0
1.0
2.0
2.0
2.0
2.0
2.0
1.0
1.0
14.0
14.0
14.0
17.0
17.0
21.0
15.0
15.0
15.0
15.0
43.0
43.0
43.0
43.0
43.0
53.0
53.0
53.0
53.0
53.0
31.0
31.0
31.0
31.0
31.0
31.0
31.0
31.0
31.0
31.0
21.0
21.0
21.0
21.0
21.0
21.0
21.0
21.0
21.0
22.0
30.0
30.0
30.0
30.0
30.0
30.0
30.0
35.0
35.0
35.0
6.0
6.0
6.0
6.0
6.0
6.0
6.0
6.0
6.0
6.0
28.0
28.0
28.0
34.0
34.0
34.0
46.0
46.0
46.0
46.0
6.0
7.0
7.0
7.0
7.0
7.0
7.0
7.0
7.0
8.0
33.0
33.0
33.0
33.0
33.0
33.0
33.0
33.0
17.0
17.0
18.0
18.0
18.0
18.0
18.0
18.0
18.0
18.0
18.0
18.0
51.0
51.0
51.0
51.0
51.0
51.0
51.0
51.0
51.0
51.0
29.0
29.0
29.0
33.0
33.0
33.0
33.0
33.0
11.0
11.0
26.0
33.0
33.0
33.0
33.0
33.0
33.0
33.0
33.0
33.0
8.0
9.0
9.0
9.0
9.0
11.0
11.0
11.0
11.0
11.0
33.0
12.0
12.0
16.0
16.0
22.0
22.0
22.0
10.0
10.0
31.0
31.0
31.0
31.0
31.0
31.0
31.0
31.0
31.0
31.0
20.0
20.0
20.0
20.0
20.0
20.0
20.0
20.0
20.0
20.0
26.0
26.0
26.0
32.0
36.0
36.0
36.0
36.0
36.0
36.0
1.0
1.0
1.0
1.0
2.0
2.0
2.0
1.0
1.0
1.0
3.0
3.0
3.0
3.0
3.0
3.0
3.0
3.0
3.0
3.0
39.0
39.0
39.0
39.0
39.0
39.0
39.0
39.0
40.0
40.0
30.0
30.0
30.0
30.0
30.0
30.0
30.0
32.0
32.0
32.0
3.0
3.0
4.0
4.0
4.0
5.0
5.0
5.0
5.0
5.0
4.0
5.0
5.0
5.0
5.0
5.0
6.0
6.0
6.0
6.0
13.0
13.0
13.0
13.0
13.0
13.0
13.0
13.0
13.0
13.0
11.0
11.0
11.0
11.0
11.0
11.0
11.0
11.0
11.0
11.0
3.0
3.0
3.0
3.0
3.0
3.0
3.0
3.0
4.0
4.0
7.0
7.0
7.0
9.0
9.0
9.0
9.0
9.0
9.0
9.0
2.0
2.0
2.0
1.0
1.0
1.0
1.0
1.0
2.0
2.0
37.0
37.0
37.0
37.0
37.0
37.0
38.0
38.0
38.0
38.0
27.0
27.0
27.0
27.0
27.0
27.0
27.0
31.0
31.0
31.0
40.0
40.0
40.0
40.0
40.0
40.0
40.0
40.0
42.0
42.0
17.0
17.0
17.0
17.0
17.0
17.0
17.0
17.0
17.0
17.0
48.0
55.0
55.0
55.0
55.0
55.0
55.0
55.0
55.0
55.0
14.0
14.0
14.0
14.0
14.0
14.0
14.0
18.0
18.0
20.0
35.0
35.0
35.0
35.0
35.0
35.0
36.0
49.0
49.0
49.0
10.0
10.0
10.0
10.0
10.0
10.0
10.0
10.0
6.0
6.0
10.0
10.0
10.0
10.0
10.0
11.0
11.0
12.0
12.0
12.0
6.0
6.0
6.0
6.0
6.0
6.0
6.0
6.0
6.0
6.0
43.0
43.0
43.0
43.0
43.0
43.0
43.0
43.0
43.0
43.0
32.0
32.0
32.0
32.0
19.0
19.0
19.0
19.0
19.0
19.0
7.0
7.0
7.0
7.0
8.0
8.0
8.0
8.0
8.0
9.0
31.0
31.0
32.0
32.0
32.0
32.0
32.0
32.0
32.0
32.0
16.0
16.0
16.0
16.0
16.0
16.0
16.0
7.0
7.0
7.0
25.0
25.0
25.0
25.0
25.0
25.0
35.0
35.0
43.0
43.0
43.0
43.0
43.0
43.0
43.0
43.0
43.0
43.0
43.0
43.0
17.0
17.0
17.0
17.0
17.0
17.0
19.0
19.0
19.0
21.0
32.0
32.0
40.0
50.0
50.0
50.0
13.0
13.0
13.0
10.0
4.0
4.0
4.0
4.0
6.0
6.0
6.0
6.0
6.0
6.0
12.0
12.0
12.0
5.0
5.0
5.0
5.0
5.0
5.0
5.0
48.0
48.0
48.0
48.0
48.0
48.0
48.0
48.0
48.0
48.0
17.0
17.0
17.0
17.0
17.0
17.0
22.0
22.0
22.0
22.0
13.0
13.0
13.0
13.0
13.0
13.0
13.0
13.0
13.0
13.0
8.0
9.0
9.0
9.0
9.0
9.0
9.0
9.0
9.0
9.0
18.0
18.0
18.0
18.0
18.0
21.0
21.0
21.0
21.0
21.0
17.0
17.0
17.0
17.0
17.0
17.0
17.0
17.0
17.0
17.0
71.0
71.0
71.0
71.0
71.0
91.0
91.0
91.0
91.0
91.0
49.0
49.0
49.0
49.0
49.0
53.0
53.0
53.0
53.0
60.0
6.0
6.0
6.0
7.0
7.0
7.0
7.0
7.0
7.0
7.0
37.0
37.0
41.0
41.0
41.0
41.0
41.0
60.0
60.0
60.0
26.0
26.0
26.0
26.0
26.0
26.0
26.0
26.0
26.0
26.0
36.0
36.0
36.0
36.0
36.0
36.0
36.0
36.0
36.0
36.0
78.0
78.0
78.0
78.0
78.0
78.0
47.0
47.0
47.0
47.0
7.0
7.0
7.0
7.0
7.0
7.0
7.0
7.0
7.0
7.0
14.0
14.0
14.0
14.0
14.0
14.0
14.0
14.0
4.0
5.0
15.0
15.0
15.0
15.0
15.0
15.0
15.0
15.0
15.0
15.0
11.0
11.0
11.0
11.0
11.0
11.0
12.0
12.0
12.0
12.0
4.0
4.0
4.0
4.0
4.0
4.0
4.0
4.0
4.0
4.0
26.0
26.0
26.0
34.0
34.0
34.0
34.0
34.0
34.0
34.0
9.0
9.0
9.0
9.0
9.0
9.0
9.0
9.0
9.0
9.0
10.0
10.0
10.0
12.0
12.0
12.0
12.0
12.0
12.0
12.0
7.0
7.0
7.0
7.0
7.0
7.0
7.0
7.0
7.0
7.0
47.0
47.0
47.0
47.0
47.0
47.0
47.0
47.0
47.0
47.0
24.0
24.0
24.0
24.0
24.0
24.0
24.0
24.0
30.0
30.0
5.0
5.0
5.0
5.0
5.0
5.0
5.0
5.0
5.0
5.0
53.0
56.0
63.0
63.0
63.0
63.0
63.0
64.0
64.0
64.0
19.0
19.0
19.0
19.0
19.0
19.0
19.0
19.0
19.0
19.0
23.0
23.0
31.0
31.0
31.0
31.0
31.0
31.0
50.0
50.0
61.0
61.0
61.0
64.0
64.0
64.0
64.0
64.0
64.0
71.0
27.0
27.0
27.0
27.0
27.0
27.0
27.0
27.0
27.0
32.0
22.0
22.0
22.0
26.0
26.0
26.0
26.0
26.0
26.0
26.0
31.0
31.0
31.0
23.0
23.0
23.0
28.0
28.0
28.0
28.0
17.0
17.0
17.0
17.0
17.0
17.0
17.0
17.0
17.0
18.0
12.0
12.0
4.0
4.0
4.0
4.0
4.0
4.0
4.0
4.0
12.0
12.0
12.0
12.0
12.0
13.0
13.0
13.0
13.0
13.0
5.0
5.0
5.0
6.0
6.0
6.0
6.0
6.0
2.0
2.0
16.0
16.0
16.0
18.0
20.0
20.0
20.0
20.0
21.0
21.0
6.0
6.0
6.0
6.0
6.0
7.0
8.0
8.0
1.0
1.0
21.0
21.0
22.0
22.0
9.0
9.0
9.0
9.0
9.0
9.0
16.0
16.0
16.0
16.0
16.0
16.0
16.0
10.0
10.0
10.0
34.0
34.0
34.0
34.0
34.0
34.0
34.0
34.0
34.0
34.0
11.0
11.0
11.0
11.0
13.0
13.0
13.0
13.0
13.0
13.0
26.0
26.0
26.0
26.0
26.0
26.0
26.0
26.0
26.0
26.0
4.0
4.0
4.0
4.0
6.0
6.0
6.0
6.0
2.0
1.0
14.0
14.0
14.0
15.0
15.0
15.0
13.0
14.0
14.0
14.0
14.0
4.0
4.0
4.0
4.0
4.0
4.0
4.0
4.0
4.0
9.0
9.0
9.0
9.0
9.0
9.0
9.0
9.0
9.0
10.0
23.0
23.0
23.0
23.0
23.0
29.0
14.0
14.0
14.0
14.0
3.0
4.0
4.0
2.0
2.0
2.0
2.0
2.0
2.0
2.0
19.0
19.0
19.0
19.0
19.0
19.0
19.0
19.0
19.0
19.0
26.0
26.0
26.0
26.0
26.0
26.0
26.0
26.0
26.0
26.0
42.0
50.0
50.0
50.0
50.0
50.0
50.0
50.0
50.0
59.0
50.0
54.0
54.0
54.0
54.0
55.0
55.0
55.0
60.0
60.0
3.0
3.0
3.0
3.0
3.0
1.0
1.0
1.0
1.0
1.0
27.0
27.0
27.0
27.0
31.0
34.0
34.0
34.0
34.0
34.0
30.0
30.0
30.0
30.0
30.0
30.0
30.0
30.0
30.0
30.0
39.0
39.0
39.0
39.0
39.0
42.0
42.0
42.0
42.0
42.0
11.0
11.0
14.0
14.0
14.0
14.0
14.0
14.0
19.0
19.0
8.0
9.0
12.0
12.0
14.0
14.0
14.0
14.0
17.0
17.0
9.0
9.0
9.0
9.0
9.0
9.0
9.0
9.0
9.0
9.0
33.0
33.0
33.0
33.0
41.0
41.0
41.0
41.0
41.0
41.0
3.0
3.0
4.0
5.0
5.0
5.0
5.0
5.0
5.0
5.0
26.0
26.0
26.0
26.0
26.0
26.0
26.0
26.0
26.0
26.0
5.0
3.0
3.0
3.0
3.0
4.0
4.0
4.0
4.0
2.0
4.0
3.0
3.0
3.0
4.0
4.0
4.0
4.0
4.0
4.0
2.0
2.0
2.0
2.0
2.0
2.0
2.0
3.0
3.0
3.0
2.0
2.0
2.0
2.0
3.0
3.0
3.0
3.0
3.0
3.0
7.0
7.0
7.0
7.0
7.0
7.0
7.0
7.0
7.0
7.0
15.0
15.0
15.0
15.0
15.0
15.0
15.0
15.0
15.0
15.0
11.0
11.0
11.0
11.0
11.0
12.0
12.0
12.0
12.0
12.0
20.0
20.0
26.0
26.0
26.0
26.0
31.0
31.0
19.0
19.0
41.0
41.0
41.0
44.0
44.0
57.0
57.0
57.0
57.0
57.0
32.0
32.0
32.0
32.0
36.0
36.0
36.0
36.0
36.0
36.0
13.0
13.0
5.0
5.0
5.0
5.0
6.0
6.0
6.0
6.0
7.0
7.0
7.0
7.0
7.0
7.0
7.0
7.0
7.0
8.0
30.0
30.0
30.0
30.0
30.0
30.0
31.0
31.0
31.0
31.0
28.0
28.0
28.0
28.0
28.0
28.0
28.0
28.0
28.0
28.0
24.0
24.0
24.0
24.0
24.0
24.0
24.0
24.0
24.0
24.0
3.0
3.0
3.0
3.0
4.0
2.0
2.0
2.0
2.0
1.0
17.0
17.0
17.0
17.0
17.0
19.0
19.0
19.0
19.0
19.0
54.0
54.0
54.0
54.0
54.0
54.0
54.0
54.0
54.0
54.0
18.0
18.0
23.0
23.0
23.0
23.0
23.0
23.0
23.0
23.0
5.0
5.0
5.0
5.0
5.0
5.0
5.0
5.0
5.0
5.0
30.0
36.0
36.0
36.0
36.0
38.0
38.0
38.0
38.0
38.0
13.0
14.0
14.0
14.0
14.0
14.0
14.0
16.0
20.0
21.0
18.0
18.0
18.0
18.0
18.0
18.0
18.0
18.0
20.0
24.0
2.0
2.0
2.0
2.0
2.0
2.0
2.0
2.0
3.0
3.0
7.0
7.0
7.0
7.0
7.0
7.0
7.0
7.0
7.0
8.0
2.0
2.0
2.0
2.0
1.0
1.0
1.0
1.0
1.0
1.0
18.0
18.0
18.0
18.0
18.0
18.0
18.0
18.0
18.0
18.0
1.0
1.0
1.0
1.0
2.0
2.0
2.0
2.0
1.0
1.0
44.0
44.0
44.0
44.0
44.0
44.0
44.0
44.0
44.0
44.0
5.0
5.0
5.0
5.0
5.0
5.0
5.0
5.0
5.0
5.0
11.0
11.0
11.0
11.0
11.0
11.0
11.0
11.0
11.0
11.0
8.0
8.0
8.0
8.0
3.0
3.0
3.0
3.0
3.0
3.0
2.0
2.0
2.0
2.0
2.0
2.0
2.0
2.0
2.0
1.0
6.0
6.0
6.0
6.0
6.0
6.0
6.0
6.0
6.0
6.0
25.0
25.0
29.0
29.0
29.0
29.0
29.0
29.0
29.0
29.0
33.0
35.0
35.0
35.0
38.0
38.0
38.0
51.0
51.0
51.0
20.0
20.0
20.0
20.0
20.0
20.0
20.0
20.0
20.0
20.0
21.0
21.0
21.0
21.0
21.0
21.0
21.0
21.0
21.0
24.0
12.0
12.0
12.0
12.0
12.0
12.0
14.0
14.0
14.0
19.0
3.0
3.0
1.0
1.0
1.0
1.0
1.0
1.0
1.0
1.0
39.0
39.0
39.0
42.0
51.0
51.0
51.0
51.0
40.0
40.0
18.0
18.0
18.0
18.0
7.0
7.0
7.0
7.0
7.0
8.0
25.0
25.0
25.0
25.0
25.0
25.0
25.0
25.0
25.0
27.0
31.0
31.0
31.0
31.0
31.0
36.0
36.0
36.0
36.0
36.0
6.0
6.0
6.0
6.0
6.0
6.0
6.0
6.0
6.0
6.0
27.0
17.0
17.0
17.0
17.0
7.0
8.0
8.0
8.0
8.0
28.0
28.0
28.0
28.0
28.0
28.0
29.0
29.0
29.0
29.0
23.0
34.0
34.0
39.0
39.0
40.0
40.0
40.0
40.0
40.0
22.0
26.0
26.0
26.0
26.0
26.0
26.0
26.0
26.0
26.0
26.0
26.0
26.0
26.0
26.0
26.0
26.0
29.0
29.0
29.0
8.0
8.0
8.0
8.0
8.0
5.0
5.0
5.0
5.0
6.0
14.0
14.0
14.0
14.0
14.0
14.0
14.0
14.0
14.0
14.0
8.0
8.0
8.0
8.0
8.0
8.0
8.0
8.0
9.0
9.0
6.0
6.0
6.0
6.0
6.0
6.0
6.0
6.0
6.0
6.0
29.0
29.0
29.0
29.0
20.0
20.0
20.0
20.0
23.0
23.0
20.0
20.0
20.0
20.0
20.0
20.0
20.0
20.0
20.0
20.0
8.0
8.0
8.0
8.0
8.0
8.0
9.0
9.0
9.0
9.0
41.0
41.0
44.0
44.0
60.0
60.0
60.0
60.0
60.0
60.0
19.0
19.0
19.0
19.0
19.0
19.0
19.0
19.0
19.0
19.0
35.0
35.0
35.0
35.0
13.0
13.0
13.0
13.0
13.0
13.0
1.0
1.0
1.0
1.0
2.0
2.0
3.0
3.0
3.0
3.0
27.0
27.0
27.0
27.0
27.0
27.0
27.0
27.0
27.0
27.0
27.0
29.0
29.0
29.0
29.0
29.0
29.0
29.0
29.0
29.0
23.0
23.0
23.0
34.0
34.0
34.0
34.0
34.0
34.0
34.0
4.0
4.0
4.0
4.0
4.0
4.0
4.0
4.0
4.0
4.0
40.0
40.0
40.0
40.0
40.0
40.0
40.0
40.0
40.0
40.0
22.0
22.0
22.0
22.0
20.0
20.0
20.0
20.0
20.0
20.0
14.0
14.0
14.0
14.0
14.0
14.0
14.0
14.0
14.0
14.0
59.0
59.0
59.0
59.0
59.0
59.0
59.0
59.0
59.0
61.0
21.0
21.0
21.0
21.0
15.0
6.0
6.0
6.0
6.0
6.0
11.0
6.0
6.0
6.0
6.0
6.0
6.0
9.0
9.0
9.0
1.0
1.0
1.0
1.0
1.0
1.0
2.0
2.0
2.0
2.0
4.0
4.0
4.0
4.0
4.0
4.0
5.0
5.0
5.0
5.0
32.0
32.0
32.0
32.0
32.0
32.0
32.0
32.0
32.0
32.0
5.0
5.0
5.0
5.0
6.0
6.0
6.0
6.0
6.0
6.0
27.0
27.0
27.0
27.0
27.0
27.0
17.0
17.0
17.0
17.0
41.0
41.0
41.0
41.0
41.0
41.0
50.0
50.0
50.0
55.0
21.0
21.0
21.0
21.0
21.0
21.0
21.0
21.0
21.0
21.0
30.0
30.0
30.0
30.0
30.0
30.0
30.0
30.0
31.0
32.0
49.0
49.0
49.0
49.0
37.0
37.0
37.0
37.0
37.0
37.0
7.0
7.0
2.0
2.0
2.0
2.0
2.0
2.0
2.0
2.0
4.0
4.0
4.0
4.0
4.0
4.0
4.0
4.0
4.0
4.0
18.0
18.0
18.0
18.0
24.0
24.0
24.0
24.0
24.0
24.0
32.0
32.0
32.0
32.0
32.0
32.0
32.0
32.0
32.0
32.0
21.0
21.0
21.0
21.0
22.0
22.0
22.0
22.0
22.0
22.0
28.0
28.0
28.0
28.0
28.0
28.0
28.0
28.0
28.0
28.0
11.0
11.0
11.0
4.0
5.0
5.0
5.0
5.0
5.0
5.0
6.0
7.0
7.0
7.0
7.0
7.0
8.0
8.0
8.0
8.0
26.0
26.0
26.0
26.0
26.0
26.0
26.0
26.0
26.0
26.0
14.0
14.0
14.0
14.0
14.0
17.0
17.0
17.0
17.0
17.0
33.0
33.0
33.0
38.0
38.0
38.0
38.0
41.0
41.0
41.0
68.0
34.0
34.0
34.0
34.0
34.0
34.0
34.0
5.0
5.0
33.0
33.0
33.0
33.0
33.0
33.0
33.0
33.0
33.0
33.0
11.0
11.0
11.0
11.0
11.0
11.0
11.0
11.0
11.0
11.0
25.0
25.0
25.0
25.0
25.0
25.0
25.0
25.0
25.0
25.0
25.0
25.0
30.0
30.0
30.0
30.0
30.0
36.0
36.0
36.0
29.0
29.0
29.0
29.0
29.0
29.0
29.0
29.0
29.0
29.0
13.0
13.0
13.0
13.0
13.0
17.0
17.0
17.0
17.0
17.0
21.0
21.0
21.0
23.0
23.0
23.0
23.0
32.0
49.0
49.0
4.0
4.0
4.0
4.0
4.0
4.0
4.0
4.0
4.0
4.0
10.0
10.0
10.0
10.0
11.0
11.0
11.0
11.0
11.0
11.0
