WIN FINALE DIS
13.0
13.0
13.0
13.0
13.0
13.0
13.0
14.0
14.0
14.0
14.0
14.0
14.0
14.0
14.0
14.0
14.0
14.0
14.0
14.0
11.0
11.0
11.0
11.0
11.0
11.0
11.0
11.0
11.0
11.0
10.0
10.0
10.0
10.0
10.0
10.0
12.0
12.0
12.0
12.0
32.0
32.0
32.0
32.0
9.0
9.0
9.0
9.0
9.0
9.0
2.0
2.0
2.0
2.0
2.0
2.0
2.0
2.0
2.0
2.0
42.0
42.0
30.0
30.0
31.0
45.0
45.0
45.0
45.0
45.0
28.0
29.0
29.0
29.0
29.0
34.0
34.0
34.0
34.0
34.0
30.0
30.0
30.0
30.0
30.0
30.0
30.0
30.0
36.0
36.0
10.0
10.0
12.0
12.0
12.0
12.0
12.0
5.0
5.0
6.0
11.0
14.0
14.0
14.0
14.0
14.0
14.0
14.0
14.0
14.0
8.0
8.0
9.0
9.0
9.0
9.0
9.0
9.0
5.0
5.0
2.0
2.0
2.0
2.0
2.0
2.0
2.0
2.0
2.0
2.0
36.0
36.0
36.0
41.0
41.0
41.0
41.0
41.0
41.0
41.0
31.0
31.0
31.0
19.0
19.0
19.0
26.0
26.0
26.0
26.0
21.0
21.0
21.0
24.0
24.0
24.0
24.0
24.0
24.0
24.0
23.0
23.0
23.0
23.0
23.0
23.0
23.0
29.0
30.0
33.0
1.0
1.0
1.0
1.0
1.0
1.0
1.0
1.0
1.0
1.0
28.0
28.0
28.0
28.0
28.0
15.0
15.0
15.0
15.0
15.0
20.0
20.0
20.0
20.0
20.0
20.0
20.0
20.0
20.0
20.0
20.0
20.0
20.0
16.0
16.0
16.0
16.0
16.0
16.0
16.0
45.0
45.0
45.0
45.0
45.0
45.0
48.0
53.0
53.0
53.0
20.0
20.0
20.0
20.0
22.0
22.0
22.0
22.0
23.0
23.0
20.0
20.0
20.0
20.0
20.0
23.0
23.0
23.0
23.0
23.0
32.0
32.0
32.0
32.0
32.0
32.0
32.0
32.0
32.0
33.0
35.0
35.0
35.0
35.0
35.0
46.0
46.0
46.0
46.0
46.0
24.0
24.0
24.0
25.0
25.0
27.0
27.0
27.0
27.0
27.0
4.0
4.0
4.0
4.0
5.0
5.0
5.0
5.0
5.0
5.0
100.0
100.0
100.0
100.0
100.0
100.0
114.0
114.0
114.0
114.0
26.0
26.0
26.0
26.0
28.0
28.0
28.0
28.0
28.0
28.0
12.0
12.0
12.0
12.0
12.0
12.0
12.0
12.0
12.0
12.0
62.0
62.0
62.0
62.0
62.0
62.0
65.0
65.0
65.0
65.0
17.0
17.0
21.0
21.0
21.0
25.0
25.0
25.0
25.0
25.0
8.0
8.0
8.0
8.0
4.0
4.0
4.0
4.0
4.0
4.0
28.0
28.0
28.0
44.0
44.0
44.0
44.0
44.0
44.0
44.0
35.0
35.0
35.0
35.0
35.0
35.0
35.0
35.0
35.0
35.0
13.0
13.0
13.0
13.0
13.0
13.0
13.0
15.0
15.0
15.0
2.0
2.0
1.0
1.0
1.0
1.0
1.0
1.0
1.0
1.0
32.0
32.0
32.0
32.0
32.0
32.0
32.0
32.0
32.0
32.0
12.0
12.0
12.0
12.0
12.0
12.0
12.0
12.0
12.0
12.0
22.0
22.0
22.0
22.0
15.0
15.0
15.0
15.0
15.0
15.0
34.0
34.0
34.0
34.0
34.0
34.0
34.0
34.0
34.0
34.0
30.0
30.0
30.0
30.0
30.0
30.0
30.0
30.0
30.0
37.0
34.0
34.0
34.0
35.0
35.0
35.0
35.0
35.0
35.0
35.0
17.0
17.0
20.0
20.0
20.0
20.0
20.0
5.0
6.0
6.0
17.0
9.0
9.0
9.0
9.0
10.0
10.0
10.0
10.0
10.0
15.0
15.0
15.0
15.0
15.0
15.0
15.0
15.0
15.0
15.0
7.0
8.0
8.0
8.0
8.0
8.0
8.0
10.0
10.0
10.0
15.0
15.0
15.0
15.0
15.0
15.0
6.0
6.0
4.0
4.0
1.0
1.0
1.0
1.0
1.0
1.0
1.0
2.0
2.0
2.0
30.0
30.0
30.0
30.0
30.0
30.0
30.0
30.0
41.0
41.0
40.0
40.0
40.0
40.0
40.0
40.0
40.0
40.0
40.0
40.0
23.0
23.0
23.0
23.0
28.0
28.0
28.0
28.0
28.0
28.0
5.0
5.0
5.0
5.0
5.0
5.0
5.0
5.0
5.0
5.0
34.0
34.0
34.0
35.0
47.0
37.0
37.0
37.0
37.0
37.0
6.0
6.0
6.0
6.0
6.0
8.0
8.0
8.0
8.0
9.0
32.0
49.0
49.0
49.0
49.0
49.0
49.0
49.0
49.0
55.0
12.0
12.0
12.0
12.0
12.0
13.0
13.0
13.0
13.0
13.0
14.0
14.0
14.0
16.0
16.0
16.0
16.0
16.0
16.0
16.0
35.0
39.0
39.0
42.0
42.0
42.0
42.0
42.0
42.0
46.0
26.0
26.0
26.0
26.0
26.0
26.0
29.0
29.0
29.0
29.0
2.0
2.0
2.0
2.0
1.0
1.0
1.0
1.0
1.0
1.0
13.0
13.0
13.0
13.0
13.0
13.0
13.0
14.0
14.0
14.0
2.0
3.0
4.0
4.0
4.0
4.0
4.0
5.0
6.0
6.0
19.0
19.0
23.0
23.0
23.0
23.0
23.0
23.0
23.0
23.0
11.0
11.0
11.0
11.0
11.0
11.0
11.0
11.0
11.0
11.0
46.0
46.0
46.0
46.0
46.0
46.0
46.0
46.0
46.0
46.0
9.0
9.0
9.0
9.0
2.0
2.0
2.0
2.0
2.0
2.0
31.0
31.0
31.0
37.0
38.0
38.0
38.0
38.0
38.0
38.0
26.0
26.0
26.0
26.0
26.0
26.0
30.0
30.0
30.0
30.0
33.0
33.0
34.0
39.0
39.0
39.0
39.0
39.0
39.0
39.0
9.0
9.0
9.0
9.0
10.0
10.0
12.0
12.0
12.0
12.0
2.0
2.0
2.0
2.0
2.0
2.0
2.0
2.0
2.0
3.0
4.0
4.0
4.0
5.0
5.0
5.0
3.0
3.0
3.0
3.0
12.0
12.0
12.0
12.0
12.0
12.0
12.0
14.0
14.0
14.0
8.0
8.0
8.0
8.0
8.0
8.0
8.0
8.0
8.0
8.0
10.0
10.0
10.0
10.0
10.0
10.0
10.0
10.0
10.0
10.0
27.0
27.0
27.0
27.0
37.0
37.0
39.0
39.0
39.0
39.0
33.0
33.0
33.0
33.0
33.0
33.0
33.0
33.0
33.0
33.0
23.0
23.0
23.0
23.0
33.0
33.0
33.0
33.0
33.0
33.0
23.0
23.0
23.0
23.0
23.0
23.0
23.0
23.0
23.0
23.0
2.0
2.0
2.0
2.0
2.0
2.0
2.0
2.0
2.0
2.0
23.0
23.0
23.0
23.0
23.0
23.0
26.0
26.0
26.0
26.0
20.0
20.0
20.0
20.0
20.0
20.0
20.0
20.0
20.0
20.0
33.0
33.0
33.0
33.0
17.0
17.0
17.0
17.0
17.0
17.0
26.0
26.0
26.0
26.0
26.0
26.0
26.0
31.0
31.0
31.0
9.0
9.0
9.0
9.0
9.0
13.0
13.0
15.0
15.0
15.0
31.0
31.0
31.0
36.0
36.0
36.0
36.0
19.0
19.0
19.0
1.0
1.0
1.0
1.0
1.0
1.0
1.0
2.0
2.0
2.0
31.0
31.0
31.0
31.0
31.0
31.0
31.0
31.0
31.0
31.0
32.0
32.0
32.0
32.0
33.0
36.0
36.0
36.0
36.0
36.0
8.0
12.0
12.0
12.0
12.0
12.0
12.0
12.0
12.0
12.0
5.0
5.0
5.0
2.0
3.0
3.0
3.0
3.0
3.0
3.0
18.0
18.0
18.0
18.0
18.0
18.0
11.0
11.0
11.0
11.0
3.0
3.0
3.0
3.0
3.0
3.0
3.0
3.0
3.0
3.0
6.0
6.0
6.0
6.0
6.0
7.0
7.0
7.0
7.0
7.0
41.0
44.0
44.0
14.0
7.0
7.0
9.0
9.0
9.0
9.0
8.0
8.0
8.0
9.0
9.0
11.0
11.0
11.0
14.0
14.0
5.0
1.0
1.0
1.0
1.0
1.0
1.0
1.0
1.0
1.0
28.0
28.0
43.0
43.0
43.0
43.0
43.0
43.0
43.0
43.0
9.0
9.0
9.0
9.0
9.0
9.0
10.0
11.0
13.0
13.0
23.0
34.0
34.0
34.0
34.0
34.0
34.0
15.0
15.0
17.0
18.0
18.0
18.0
18.0
18.0
18.0
18.0
18.0
18.0
18.0
42.0
42.0
42.0
42.0
42.0
42.0
42.0
42.0
42.0
42.0
45.0
45.0
45.0
45.0
45.0
45.0
45.0
45.0
18.0
18.0
14.0
15.0
15.0
8.0
8.0
8.0
8.0
8.0
8.0
8.0
18.0
18.0
18.0
19.0
19.0
19.0
19.0
19.0
19.0
19.0
17.0
20.0
20.0
20.0
20.0
20.0
20.0
20.0
20.0
24.0
14.0
15.0
15.0
15.0
19.0
19.0
19.0
19.0
19.0
19.0
13.0
13.0
13.0
13.0
13.0
13.0
18.0
18.0
18.0
18.0
2.0
2.0
1.0
2.0
2.0
2.0
3.0
3.0
3.0
3.0
12.0
12.0
12.0
12.0
13.0
13.0
13.0
13.0
15.0
15.0
25.0
25.0
25.0
25.0
27.0
27.0
27.0
32.0
32.0
32.0
16.0
18.0
18.0
18.0
21.0
24.0
24.0
24.0
24.0
30.0
9.0
9.0
9.0
9.0
9.0
9.0
9.0
9.0
9.0
9.0
1.0
1.0
1.0
1.0
1.0
1.0
1.0
1.0
1.0
1.0
28.0
28.0
28.0
28.0
28.0
28.0
28.0
28.0
28.0
28.0
32.0
32.0
32.0
34.0
34.0
34.0
34.0
34.0
34.0
34.0
2.0
2.0
2.0
2.0
2.0
2.0
3.0
3.0
3.0
3.0
8.0
9.0
9.0
9.0
9.0
9.0
9.0
9.0
9.0
6.0
1.0
1.0
1.0
1.0
2.0
2.0
2.0
2.0
3.0
3.0
14.0
14.0
14.0
14.0
14.0
14.0
14.0
14.0
14.0
14.0
8.0
8.0
8.0
8.0
8.0
8.0
8.0
8.0
8.0
8.0
17.0
17.0
17.0
17.0
17.0
17.0
22.0
22.0
22.0
22.0
4.0
4.0
4.0
4.0
4.0
4.0
3.0
3.0
1.0
2.0
15.0
15.0
15.0
15.0
15.0
15.0
15.0
15.0
4.0
4.0
14.0
14.0
14.0
14.0
14.0
14.0
14.0
14.0
14.0
14.0
12.0
12.0
12.0
12.0
12.0
12.0
12.0
12.0
12.0
12.0
23.0
23.0
4.0
4.0
4.0
4.0
4.0
4.0
4.0
4.0
23.0
23.0
23.0
7.0
7.0
7.0
7.0
7.0
7.0
7.0
16.0
16.0
16.0
9.0
9.0
9.0
9.0
9.0
10.0
5.0
23.0
24.0
24.0
24.0
24.0
24.0
24.0
24.0
24.0
24.0
21.0
21.0
21.0
21.0
21.0
22.0
9.0
9.0
4.0
4.0
6.0
3.0
3.0
3.0
3.0
3.0
3.0
3.0
3.0
3.0
75.0
75.0
75.0
75.0
75.0
75.0
75.0
75.0
75.0
75.0
41.0
41.0
45.0
45.0
45.0
45.0
45.0
45.0
45.0
45.0
34.0
34.0
34.0
34.0
36.0
36.0
36.0
36.0
36.0
40.0
5.0
5.0
5.0
5.0
5.0
5.0
5.0
6.0
6.0
7.0
13.0
13.0
13.0
13.0
13.0
13.0
13.0
13.0
13.0
13.0
28.0
28.0
28.0
28.0
28.0
28.0
28.0
28.0
28.0
28.0
8.0
8.0
9.0
9.0
9.0
9.0
9.0
9.0
9.0
9.0
8.0
8.0
8.0
8.0
9.0
9.0
9.0
9.0
9.0
9.0
1.0
1.0
1.0
1.0
1.0
1.0
1.0
1.0
2.0
2.0
1.0
1.0
1.0
1.0
1.0
1.0
2.0
2.0
3.0
3.0
28.0
34.0
34.0
34.0
34.0
28.0
28.0
28.0
28.0
28.0
28.0
28.0
31.0
31.0
31.0
31.0
31.0
31.0
31.0
31.0
12.0
12.0
12.0
12.0
12.0
15.0
15.0
15.0
15.0
15.0
5.0
5.0
5.0
5.0
5.0
2.0
2.0
1.0
1.0
1.0
42.0
51.0
51.0
51.0
51.0
51.0
52.0
52.0
52.0
52.0
11.0
11.0
11.0
11.0
11.0
11.0
11.0
11.0
11.0
11.0
17.0
17.0
17.0
17.0
17.0
17.0
17.0
17.0
17.0
7.0
9.0
9.0
9.0
9.0
9.0
9.0
9.0
9.0
9.0
9.0
14.0
14.0
7.0
7.0
7.0
7.0
7.0
7.0
7.0
1.0
25.0
25.0
25.0
25.0
25.0
25.0
25.0
25.0
25.0
28.0
7.0
7.0
8.0
8.0
9.0
9.0
9.0
9.0
9.0
9.0
20.0
20.0
20.0
20.0
20.0
20.0
20.0
20.0
20.0
20.0
6.0
6.0
6.0
6.0
6.0
6.0
6.0
6.0
6.0
6.0
12.0
12.0
15.0
15.0
15.0
15.0
15.0
15.0
15.0
15.0
7.0
7.0
7.0
7.0
7.0
7.0
7.0
9.0
9.0
9.0
48.0
48.0
48.0
61.0
61.0
61.0
61.0
61.0
25.0
25.0
18.0
18.0
18.0
18.0
18.0
18.0
18.0
18.0
18.0
19.0
31.0
31.0
31.0
31.0
31.0
31.0
31.0
31.0
31.0
31.0
9.0
9.0
9.0
9.0
9.0
9.0
10.0
10.0
10.0
10.0
13.0
9.0
9.0
9.0
9.0
9.0
9.0
9.0
9.0
9.0
45.0
45.0
45.0
45.0
45.0
45.0
45.0
45.0
55.0
55.0
5.0
5.0
5.0
5.0
5.0
5.0
5.0
5.0
6.0
6.0
25.0
25.0
25.0
25.0
13.0
13.0
14.0
14.0
14.0
14.0
58.0
58.0
58.0
58.0
58.0
58.0
58.0
60.0
60.0
60.0
4.0
4.0
4.0
4.0
4.0
4.0
4.0
4.0
4.0
4.0
4.0
5.0
5.0
6.0
7.0
7.0
7.0
7.0
7.0
7.0
6.0
6.0
6.0
6.0
6.0
6.0
6.0
6.0
6.0
6.0
24.0
9.0
9.0
9.0
9.0
9.0
9.0
7.0
7.0
7.0
40.0
40.0
40.0
40.0
40.0
40.0
40.0
40.0
40.0
40.0
18.0
18.0
18.0
18.0
18.0
18.0
19.0
6.0
6.0
6.0
8.0
8.0
8.0
11.0
11.0
11.0
11.0
11.0
11.0
11.0
29.0
4.0
5.0
5.0
5.0
5.0
5.0
5.0
5.0
5.0
33.0
33.0
33.0
33.0
33.0
33.0
36.0
36.0
36.0
36.0
74.0
74.0
74.0
74.0
74.0
74.0
74.0
74.0
74.0
96.0
6.0
6.0
6.0
6.0
7.0
7.0
7.0
7.0
7.0
3.0
19.0
19.0
19.0
19.0
19.0
19.0
19.0
19.0
24.0
28.0
32.0
32.0
32.0
32.0
32.0
32.0
32.0
32.0
32.0
32.0
8.0
8.0
8.0
8.0
9.0
9.0
9.0
9.0
9.0
9.0
26.0
26.0
26.0
26.0
26.0
26.0
26.0
26.0
26.0
26.0
2.0
3.0
3.0
3.0
3.0
1.0
1.0
1.0
1.0
1.0
20.0
9.0
9.0
9.0
9.0
9.0
9.0
9.0
9.0
9.0
35.0
35.0
35.0
35.0
35.0
35.0
35.0
35.0
39.0
39.0
9.0
9.0
9.0
9.0
9.0
9.0
9.0
9.0
9.0
9.0
25.0
25.0
25.0
25.0
25.0
25.0
25.0
25.0
25.0
25.0
11.0
12.0
12.0
12.0
12.0
7.0
7.0
7.0
7.0
7.0
50.0
53.0
53.0
53.0
53.0
57.0
57.0
57.0
57.0
57.0
28.0
28.0
28.0
34.0
34.0
34.0
34.0
34.0
34.0
34.0
6.0
6.0
6.0
6.0
6.0
6.0
6.0
6.0
6.0
6.0
30.0
30.0
30.0
30.0
30.0
7.0
7.0
7.0
7.0
7.0
49.0
49.0
49.0
49.0
49.0
49.0
49.0
50.0
50.0
50.0
17.0
17.0
17.0
18.0
18.0
18.0
18.0
18.0
18.0
18.0
18.0
18.0
18.0
18.0
18.0
18.0
18.0
18.0
18.0
19.0
3.0
3.0
3.0
3.0
3.0
3.0
4.0
5.0
5.0
5.0
7.0
7.0
7.0
7.0
7.0
7.0
7.0
7.0
7.0
7.0
23.0
23.0
23.0
23.0
23.0
23.0
23.0
23.0
23.0
23.0
30.0
30.0
30.0
30.0
30.0
30.0
30.0
30.0
30.0
30.0
2.0
2.0
2.0
2.0
2.0
2.0
2.0
2.0
2.0
2.0
28.0
28.0
28.0
28.0
28.0
28.0
28.0
28.0
28.0
28.0
25.0
25.0
25.0
25.0
30.0
30.0
30.0
30.0
30.0
30.0
37.0
37.0
37.0
37.0
37.0
37.0
37.0
37.0
37.0
37.0
14.0
14.0
14.0
14.0
14.0
14.0
14.0
14.0
14.0
14.0
38.0
38.0
38.0
38.0
38.0
38.0
38.0
38.0
38.0
44.0
24.0
24.0
29.0
29.0
31.0
31.0
31.0
31.0
31.0
31.0
20.0
20.0
20.0
20.0
20.0
20.0
20.0
20.0
20.0
20.0
18.0
18.0
18.0
18.0
18.0
18.0
18.0
18.0
18.0
18.0
2.0
2.0
2.0
2.0
2.0
2.0
2.0
3.0
3.0
3.0
12.0
12.0
12.0
12.0
12.0
13.0
13.0
16.0
16.0
16.0
45.0
45.0
45.0
47.0
47.0
47.0
47.0
47.0
47.0
47.0
2.0
2.0
2.0
2.0
2.0
2.0
2.0
2.0
2.0
2.0
5.0
5.0
5.0
5.0
7.0
7.0
7.0
7.0
7.0
7.0
13.0
13.0
13.0
13.0
13.0
13.0
13.0
13.0
13.0
13.0
5.0
5.0
5.0
5.0
5.0
6.0
6.0
9.0
9.0
9.0
29.0
29.0
29.0
29.0
29.0
29.0
29.0
29.0
29.0
31.0
4.0
4.0
5.0
5.0
5.0
5.0
5.0
5.0
5.0
5.0
36.0
36.0
36.0
36.0
36.0
36.0
41.0
22.0
22.0
22.0
27.0
27.0
27.0
27.0
27.0
27.0
27.0
27.0
27.0
27.0
37.0
37.0
37.0
37.0
44.0
44.0
44.0
44.0
44.0
44.0
4.0
4.0
6.0
2.0
2.0
2.0
2.0
2.0
2.0
2.0
24.0
24.0
24.0
24.0
24.0
24.0
24.0
24.0
25.0
25.0
6.0
7.0
7.0
7.0
8.0
8.0
8.0
8.0
9.0
9.0
24.0
24.0
24.0
24.0
7.0
7.0
7.0
7.0
8.0
8.0
1.0
1.0
1.0
1.0
1.0
2.0
2.0
2.0
2.0
2.0
8.0
8.0
8.0
8.0
10.0
10.0
10.0
12.0
12.0
12.0
5.0
5.0
5.0
5.0
5.0
5.0
5.0
5.0
5.0
5.0
87.0
87.0
87.0
113.0
113.0
113.0
113.0
113.0
113.0
113.0
10.0
10.0
10.0
10.0
10.0
10.0
10.0
4.0
2.0
2.0
29.0
29.0
29.0
29.0
29.0
29.0
29.0
29.0
29.0
29.0
6.0
6.0
6.0
6.0
7.0
7.0
7.0
7.0
7.0
7.0
36.0
36.0
36.0
36.0
36.0
36.0
36.0
36.0
36.0
36.0
39.0
39.0
46.0
46.0
46.0
46.0
50.0
52.0
52.0
52.0
1.0
1.0
1.0
1.0
1.0
1.0
2.0
2.0
2.0
2.0
21.0
18.0
18.0
18.0
18.0
18.0
18.0
18.0
18.0
18.0
4.0
4.0
4.0
4.0
4.0
5.0
5.0
5.0
5.0
5.0
14.0
14.0
14.0
14.0
14.0
17.0
17.0
17.0
17.0
17.0
1.0
1.0
1.0
1.0
1.0
1.0
1.0
1.0
1.0
1.0
9.0
9.0
9.0
9.0
9.0
9.0
9.0
9.0
9.0
5.0
16.0
16.0
16.0
16.0
16.0
16.0
16.0
16.0
16.0
17.0
5.0
5.0
6.0
7.0
7.0
7.0
7.0
7.0
7.0
7.0
14.0
14.0
14.0
14.0
14.0
14.0
14.0
14.0
14.0
14.0
20.0
20.0
20.0
22.0
22.0
22.0
22.0
22.0
22.0
22.0
33.0
33.0
33.0
33.0
33.0
36.0
36.0
36.0
36.0
36.0
9.0
7.0
7.0
7.0
7.0
7.0
7.0
8.0
8.0
8.0
45.0
45.0
36.0
36.0
36.0
38.0
38.0
38.0
38.0
38.0
29.0
29.0
29.0
29.0
29.0
13.0
13.0
13.0
13.0
13.0
3.0
3.0
2.0
1.0
1.0
1.0
1.0
2.0
2.0
2.0
21.0
21.0
21.0
21.0
21.0
21.0
21.0
21.0
21.0
21.0
3.0
3.0
3.0
3.0
3.0
3.0
5.0
5.0
5.0
5.0
28.0
31.0
31.0
31.0
31.0
31.0
31.0
31.0
33.0
33.0
12.0
12.0
12.0
12.0
12.0
13.0
13.0
13.0
13.0
13.0
7.0
7.0
7.0
7.0
8.0
9.0
9.0
9.0
10.0
10.0
17.0
17.0
17.0
23.0
23.0
23.0
23.0
23.0
23.0
23.0
19.0
19.0
22.0
22.0
22.0
22.0
22.0
22.0
22.0
22.0
33.0
33.0
33.0
33.0
33.0
33.0
33.0
33.0
18.0
18.0
1.0
1.0
1.0
1.0
1.0
1.0
1.0
1.0
1.0
2.0
28.0
28.0
28.0
28.0
28.0
28.0
28.0
28.0
28.0
28.0
32.0
36.0
36.0
36.0
39.0
39.0
43.0
43.0
43.0
43.0
15.0
15.0
17.0
6.0
6.0
6.0
6.0
6.0
6.0
6.0
1.0
1.0
1.0
1.0
1.0
1.0
2.0
2.0
2.0
1.0
1.0
1.0
2.0
2.0
2.0
1.0
1.0
1.0
1.0
1.0
33.0
33.0
33.0
33.0
33.0
33.0
33.0
33.0
35.0
35.0
1.0
2.0
3.0
3.0
3.0
3.0
3.0
3.0
3.0
3.0
6.0
6.0
6.0
6.0
6.0
6.0
8.0
8.0
8.0
8.0
22.0
22.0
22.0
22.0
22.0
22.0
22.0
22.0
22.0
22.0
51.0
51.0
51.0
51.0
51.0
51.0
51.0
51.0
56.0
56.0
26.0
26.0
26.0
26.0
8.0
8.0
8.0
8.0
8.0
8.0
11.0
11.0
11.0
12.0
12.0
12.0
12.0
12.0
12.0
12.0
30.0
31.0
31.0
31.0
31.0
31.0
31.0
31.0
31.0
31.0
31.0
31.0
31.0
31.0
31.0
31.0
31.0
31.0
31.0
31.0
6.0
6.0
6.0
8.0
8.0
8.0
8.0
8.0
8.0
8.0
21.0
21.0
21.0
21.0
21.0
21.0
21.0
21.0
21.0
21.0
37.0
20.0
13.0
13.0
13.0
13.0
13.0
13.0
13.0
13.0
13.0
13.0
13.0
13.0
13.0
13.0
13.0
13.0
13.0
13.0
18.0
18.0
18.0
18.0
18.0
10.0
10.0
10.0
13.0
13.0
10.0
10.0
10.0
10.0
10.0
10.0
10.0
10.0
14.0
14.0
33.0
33.0
14.0
14.0
14.0
14.0
14.0
14.0
14.0
14.0
10.0
10.0
10.0
11.0
11.0
11.0
11.0
12.0
12.0
12.0
27.0
27.0
27.0
27.0
27.0
27.0
27.0
27.0
27.0
27.0
8.0
8.0
8.0
8.0
8.0
8.0
8.0
9.0
9.0
9.0
24.0
24.0
24.0
17.0
17.0
17.0
17.0
17.0
17.0
17.0
26.0
26.0
26.0
26.0
26.0
29.0
29.0
29.0
29.0
29.0
37.0
37.0
44.0
44.0
44.0
44.0
44.0
44.0
44.0
44.0
13.0
13.0
13.0
13.0
13.0
13.0
13.0
13.0
13.0
13.0
8.0
8.0
8.0
8.0
8.0
8.0
8.0
8.0
8.0
8.0
13.0
13.0
13.0
13.0
13.0
13.0
13.0
13.0
13.0
13.0
16.0
16.0
16.0
16.0
16.0
22.0
22.0
22.0
22.0
22.0
37.0
37.0
37.0
37.0
45.0
56.0
56.0
56.0
56.0
56.0
16.0
16.0
18.0
18.0
18.0
18.0
18.0
18.0
18.0
18.0
12.0
12.0
12.0
12.0
12.0
12.0
5.0
5.0
6.0
6.0
21.0
21.0
21.0
21.0
21.0
21.0
21.0
24.0
25.0
25.0
30.0
30.0
30.0
30.0
30.0
30.0
30.0
30.0
30.0
30.0
40.0
16.0
16.0
16.0
16.0
19.0
19.0
19.0
19.0
20.0
24.0
24.0
24.0
24.0
24.0
24.0
24.0
8.0
8.0
8.0
9.0
9.0
9.0
9.0
10.0
10.0
10.0
10.0
10.0
10.0
7.0
7.0
7.0
7.0
8.0
8.0
8.0
8.0
4.0
4.0
49.0
49.0
49.0
49.0
49.0
49.0
49.0
49.0
49.0
49.0
7.0
7.0
2.0
2.0
2.0
2.0
2.0
1.0
1.0
2.0
22.0
22.0
22.0
22.0
22.0
22.0
22.0
22.0
22.0
22.0
9.0
9.0
9.0
9.0
9.0
9.0
9.0
9.0
9.0
9.0
41.0
41.0
41.0
41.0
41.0
41.0
41.0
41.0
41.0
41.0
18.0
18.0
18.0
18.0
18.0
18.0
18.0
18.0
18.0
18.0
6.0
6.0
6.0
6.0
7.0
7.0
7.0
7.0
3.0
3.0
37.0
37.0
39.0
39.0
39.0
39.0
39.0
49.0
73.0
73.0
15.0
15.0
15.0
15.0
15.0
15.0
15.0
15.0
5.0
5.0
22.0
22.0
22.0
22.0
22.0
22.0
22.0
22.0
22.0
22.0
22.0
22.0
22.0
22.0
22.0
30.0
30.0
30.0
30.0
30.0
9.0
9.0
9.0
10.0
10.0
10.0
10.0
10.0
10.0
10.0
2.0
2.0
2.0
2.0
2.0
2.0
2.0
2.0
2.0
2.0
31.0
31.0
31.0
31.0
31.0
31.0
31.0
31.0
31.0
31.0
34.0
34.0
34.0
34.0
41.0
41.0
41.0
41.0
41.0
41.0
22.0
22.0
22.0
29.0
29.0
29.0
29.0
29.0
29.0
29.0
1.0
2.0
2.0
3.0
3.0
3.0
3.0
3.0
3.0
3.0
16.0
16.0
18.0
18.0
18.0
18.0
18.0
18.0
18.0
18.0
8.0
8.0
8.0
8.0
8.0
10.0
10.0
10.0
10.0
10.0
1.0
1.0
1.0
1.0
1.0
1.0
1.0
1.0
1.0
1.0
7.0
7.0
7.0
7.0
10.0
10.0
10.0
10.0
10.0
10.0
3.0
3.0
3.0
3.0
1.0
2.0
2.0
2.0
2.0
1.0
22.0
22.0
22.0
22.0
22.0
22.0
22.0
22.0
22.0
24.0
18.0
18.0
18.0
18.0
18.0
18.0
18.0
18.0
18.0
20.0
2.0
2.0
2.0
2.0
1.0
1.0
1.0
1.0
1.0
1.0
6.0
6.0
1.0
1.0
1.0
2.0
2.0
2.0
2.0
2.0
33.0
33.0
33.0
49.0
49.0
49.0
49.0
50.0
50.0
50.0
19.0
19.0
19.0
19.0
19.0
19.0
19.0
19.0
19.0
19.0
18.0
19.0
19.0
19.0
19.0
19.0
19.0
19.0
19.0
19.0
1.0
1.0
1.0
1.0
1.0
1.0
1.0
1.0
1.0
1.0
11.0
11.0
11.0
11.0
11.0
11.0
11.0
11.0
11.0
11.0
3.0
3.0
3.0
3.0
3.0
3.0
3.0
3.0
3.0
3.0
42.0
42.0
24.0
24.0
24.0
24.0
24.0
24.0
26.0
26.0
24.0
24.0
24.0
24.0
25.0
25.0
25.0
25.0
25.0
25.0
2.0
1.0
2.0
2.0
2.0
2.0
2.0
3.0
3.0
3.0
29.0
29.0
29.0
29.0
13.0
13.0
13.0
13.0
13.0
13.0
17.0
17.0
17.0
17.0
17.0
19.0
19.0
19.0
19.0
19.0
6.0
6.0
6.0
6.0
6.0
6.0
6.0
6.0
6.0
6.0
29.0
29.0
29.0
29.0
29.0
29.0
29.0
33.0
33.0
33.0
20.0
20.0
20.0
7.0
10.0
10.0
10.0
10.0
10.0
11.0
29.0
29.0
29.0
29.0
29.0
29.0
29.0
29.0
29.0
29.0
39.0
39.0
45.0
45.0
45.0
51.0
51.0
51.0
51.0
51.0
2.0
2.0
2.0
2.0
2.0
2.0
2.0
2.0
2.0
2.0
14.0
14.0
14.0
14.0
14.0
14.0
14.0
14.0
14.0
14.0
9.0
9.0
9.0
4.0
4.0
4.0
4.0
4.0
4.0
4.0
24.0
24.0
24.0
24.0
24.0
24.0
24.0
24.0
24.0
24.0
28.0
28.0
28.0
28.0
28.0
28.0
28.0
28.0
28.0
28.0
27.0
27.0
29.0
29.0
29.0
29.0
29.0
29.0
29.0
29.0
6.0
6.0
6.0
6.0
6.0
6.0
6.0
6.0
6.0
6.0
18.0
18.0
19.0
19.0
19.0
19.0
19.0
19.0
19.0
19.0
21.0
21.0
21.0
21.0
21.0
21.0
24.0
24.0
24.0
24.0
35.0
35.0
35.0
35.0
35.0
35.0
35.0
35.0
35.0
35.0
