WIN FINALE DIS
6.0
7.0
7.0
7.0
9.0
9.0
9.0
9.0
9.0
9.0
22.0
22.0
22.0
22.0
6.0
7.0
7.0
7.0
7.0
7.0
31.0
31.0
31.0
31.0
31.0
31.0
31.0
31.0
31.0
31.0
30.0
30.0
30.0
30.0
34.0
34.0
34.0
34.0
34.0
34.0
29.0
29.0
29.0
29.0
29.0
29.0
29.0
20.0
20.0
20.0
20.0
20.0
20.0
20.0
20.0
20.0
20.0
20.0
20.0
20.0
7.0
7.0
7.0
7.0
7.0
7.0
8.0
8.0
8.0
8.0
24.0
24.0
24.0
24.0
24.0
26.0
26.0
26.0
26.0
26.0
12.0
12.0
12.0
12.0
12.0
12.0
12.0
12.0
12.0
12.0
12.0
12.0
12.0
12.0
12.0
12.0
8.0
8.0
8.0
8.0
22.0
28.0
28.0
28.0
28.0
28.0
28.0
28.0
28.0
28.0
38.0
38.0
38.0
38.0
38.0
38.0
38.0
38.0
38.0
38.0
31.0
31.0
31.0
31.0
31.0
31.0
31.0
31.0
38.0
38.0
7.0
7.0
8.0
8.0
8.0
8.0
8.0
8.0
8.0
8.0
87.0
87.0
87.0
87.0
87.0
87.0
87.0
87.0
87.0
87.0
5.0
5.0
5.0
5.0
5.0
5.0
5.0
5.0
5.0
5.0
14.0
14.0
14.0
14.0
14.0
10.0
10.0
10.0
10.0
10.0
38.0
38.0
38.0
38.0
38.0
38.0
38.0
38.0
38.0
38.0
39.0
39.0
39.0
39.0
39.0
39.0
39.0
39.0
39.0
39.0
11.0
7.0
7.0
7.0
7.0
7.0
7.0
7.0
10.0
10.0
16.0
16.0
16.0
16.0
16.0
16.0
16.0
16.0
16.0
16.0
7.0
7.0
7.0
7.0
3.0
3.0
4.0
4.0
4.0
4.0
22.0
22.0
22.0
22.0
22.0
22.0
22.0
22.0
22.0
22.0
3.0
3.0
3.0
3.0
4.0
4.0
4.0
4.0
5.0
5.0
25.0
25.0
25.0
25.0
25.0
25.0
25.0
25.0
25.0
25.0
7.0
7.0
7.0
7.0
7.0
7.0
7.0
7.0
8.0
8.0
7.0
7.0
7.0
7.0
7.0
7.0
7.0
7.0
7.0
7.0
74.0
74.0
74.0
74.0
74.0
95.0
95.0
95.0
95.0
95.0
31.0
31.0
11.0
11.0
11.0
11.0
11.0
12.0
12.0
12.0
4.0
4.0
4.0
4.0
4.0
4.0
4.0
4.0
4.0
4.0
36.0
38.0
38.0
38.0
38.0
38.0
38.0
38.0
38.0
38.0
43.0
43.0
43.0
43.0
43.0
43.0
43.0
43.0
53.0
53.0
31.0
31.0
31.0
31.0
31.0
31.0
38.0
38.0
38.0
38.0
2.0
2.0
2.0
2.0
2.0
2.0
2.0
2.0
2.0
2.0
7.0
7.0
7.0
7.0
7.0
7.0
7.0
7.0
7.0
7.0
1.0
1.0
2.0
2.0
2.0
2.0
2.0
1.0
1.0
1.0
58.0
58.0
58.0
58.0
68.0
68.0
68.0
68.0
68.0
68.0
18.0
21.0
21.0
21.0
21.0
21.0
21.0
21.0
21.0
21.0
57.0
57.0
57.0
57.0
57.0
57.0
57.0
57.0
57.0
57.0
28.0
28.0
28.0
28.0
28.0
28.0
28.0
28.0
28.0
28.0
7.0
7.0
7.0
2.0
2.0
2.0
2.0
2.0
2.0
2.0
45.0
45.0
45.0
53.0
53.0
53.0
53.0
53.0
53.0
53.0
22.0
22.0
27.0
27.0
27.0
27.0
27.0
27.0
27.0
37.0
25.0
25.0
25.0
25.0
25.0
25.0
25.0
25.0
25.0
25.0
15.0
15.0
15.0
15.0
15.0
15.0
15.0
16.0
16.0
16.0
18.0
18.0
18.0
21.0
24.0
24.0
24.0
24.0
24.0
9.0
13.0
13.0
13.0
13.0
13.0
13.0
13.0
13.0
15.0
15.0
13.0
13.0
13.0
13.0
13.0
13.0
13.0
13.0
13.0
13.0
15.0
15.0
15.0
15.0
15.0
15.0
15.0
15.0
15.0
15.0
56.0
56.0
56.0
56.0
56.0
56.0
56.0
56.0
56.0
56.0
24.0
24.0
24.0
24.0
21.0
21.0
21.0
21.0
21.0
21.0
32.0
32.0
32.0
32.0
32.0
32.0
32.0
32.0
32.0
32.0
27.0
27.0
27.0
27.0
27.0
27.0
27.0
27.0
27.0
27.0
31.0
31.0
31.0
31.0
39.0
39.0
39.0
39.0
39.0
39.0
10.0
10.0
10.0
11.0
11.0
11.0
11.0
11.0
11.0
11.0
69.0
69.0
69.0
69.0
23.0
23.0
23.0
24.0
24.0
24.0
45.0
45.0
45.0
45.0
45.0
45.0
45.0
45.0
45.0
45.0
2.0
1.0
1.0
2.0
2.0
2.0
2.0
2.0
2.0
2.0
8.0
8.0
8.0
8.0
8.0
8.0
8.0
10.0
10.0
12.0
4.0
4.0
4.0
4.0
5.0
5.0
5.0
5.0
5.0
2.0
23.0
23.0
23.0
23.0
25.0
25.0
25.0
25.0
25.0
16.0
38.0
46.0
46.0
46.0
46.0
46.0
46.0
46.0
46.0
46.0
22.0
22.0
22.0
22.0
22.0
22.0
22.0
22.0
22.0
22.0
7.0
7.0
7.0
7.0
7.0
7.0
7.0
7.0
7.0
7.0
11.0
11.0
12.0
12.0
12.0
12.0
12.0
12.0
12.0
12.0
8.0
8.0
8.0
9.0
9.0
9.0
9.0
9.0
9.0
9.0
26.0
26.0
26.0
26.0
10.0
10.0
10.0
10.0
10.0
11.0
31.0
31.0
31.0
31.0
31.0
31.0
31.0
31.0
31.0
31.0
5.0
5.0
5.0
5.0
5.0
5.0
5.0
5.0
6.0
6.0
5.0
5.0
5.0
5.0
5.0
5.0
5.0
5.0
5.0
5.0
8.0
8.0
8.0
8.0
8.0
8.0
10.0
10.0
10.0
10.0
3.0
3.0
3.0
3.0
3.0
3.0
3.0
3.0
3.0
3.0
85.0
85.0
85.0
85.0
91.0
91.0
91.0
97.0
116.0
116.0
37.0
44.0
44.0
44.0
44.0
44.0
44.0
44.0
44.0
44.0
31.0
31.0
31.0
33.0
33.0
33.0
33.0
33.0
33.0
42.0
11.0
13.0
13.0
13.0
13.0
14.0
14.0
14.0
14.0
14.0
23.0
23.0
23.0
25.0
25.0
25.0
25.0
25.0
25.0
25.0
50.0
50.0
50.0
50.0
50.0
50.0
50.0
50.0
50.0
50.0
6.0
6.0
6.0
6.0
7.0
7.0
7.0
7.0
7.0
7.0
11.0
3.0
3.0
3.0
3.0
3.0
3.0
3.0
3.0
3.0
25.0
25.0
27.0
10.0
10.0
10.0
10.0
10.0
10.0
10.0
33.0
33.0
33.0
33.0
33.0
33.0
33.0
33.0
33.0
33.0
11.0
11.0
11.0
11.0
12.0
12.0
12.0
12.0
12.0
12.0
39.0
39.0
39.0
39.0
39.0
39.0
39.0
39.0
39.0
39.0
4.0
4.0
4.0
4.0
4.0
4.0
4.0
4.0
4.0
4.0
23.0
23.0
23.0
23.0
23.0
23.0
23.0
23.0
23.0
23.0
3.0
3.0
4.0
4.0
4.0
4.0
4.0
4.0
2.0
2.0
31.0
31.0
31.0
31.0
31.0
31.0
31.0
31.0
32.0
32.0
13.0
13.0
13.0
13.0
13.0
13.0
13.0
13.0
13.0
13.0
17.0
17.0
17.0
17.0
20.0
20.0
20.0
21.0
21.0
24.0
27.0
27.0
27.0
27.0
27.0
27.0
27.0
27.0
27.0
27.0
30.0
30.0
30.0
30.0
36.0
36.0
36.0
36.0
36.0
36.0
37.0
37.0
16.0
16.0
16.0
16.0
16.0
19.0
19.0
19.0
10.0
10.0
10.0
10.0
10.0
10.0
10.0
10.0
10.0
10.0
14.0
14.0
14.0
16.0
16.0
17.0
17.0
17.0
17.0
17.0
16.0
16.0
17.0
17.0
17.0
17.0
17.0
17.0
17.0
17.0
29.0
30.0
30.0
31.0
31.0
31.0
31.0
31.0
31.0
31.0
45.0
45.0
62.0
62.0
62.0
62.0
78.0
78.0
78.0
78.0
13.0
13.0
13.0
13.0
13.0
13.0
13.0
13.0
13.0
13.0
10.0
10.0
10.0
10.0
10.0
10.0
10.0
10.0
10.0
10.0
19.0
19.0
19.0
19.0
19.0
19.0
19.0
9.0
10.0
10.0
28.0
28.0
29.0
29.0
29.0
29.0
29.0
29.0
29.0
29.0
14.0
8.0
9.0
9.0
9.0
9.0
9.0
9.0
9.0
9.0
11.0
11.0
11.0
11.0
11.0
11.0
12.0
12.0
12.0
12.0
6.0
6.0
6.0
6.0
6.0
7.0
7.0
7.0
5.0
5.0
24.0
24.0
24.0
24.0
24.0
24.0
24.0
24.0
24.0
24.0
28.0
28.0
28.0
28.0
28.0
28.0
28.0
32.0
32.0
32.0
18.0
18.0
20.0
20.0
23.0
28.0
28.0
28.0
28.0
28.0
10.0
10.0
10.0
10.0
10.0
10.0
10.0
10.0
10.0
10.0
39.0
39.0
48.0
48.0
48.0
48.0
48.0
48.0
26.0
26.0
16.0
16.0
16.0
16.0
16.0
16.0
16.0
16.0
16.0
16.0
5.0
5.0
5.0
5.0
5.0
5.0
5.0
6.0
6.0
6.0
14.0
14.0
14.0
14.0
14.0
14.0
14.0
14.0
14.0
14.0
30.0
30.0
34.0
16.0
16.0
16.0
16.0
16.0
16.0
16.0
30.0
30.0
45.0
45.0
45.0
45.0
45.0
45.0
45.0
45.0
9.0
9.0
9.0
9.0
9.0
9.0
9.0
9.0
9.0
9.0
7.0
7.0
7.0
7.0
7.0
7.0
7.0
7.0
7.0
7.0
40.0
40.0
40.0
40.0
40.0
40.0
41.0
41.0
41.0
41.0
24.0
24.0
24.0
24.0
24.0
24.0
24.0
26.0
26.0
27.0
11.0
11.0
11.0
11.0
3.0
2.0
2.0
2.0
2.0
2.0
29.0
29.0
29.0
29.0
29.0
29.0
29.0
29.0
29.0
29.0
27.0
27.0
27.0
27.0
27.0
27.0
27.0
27.0
27.0
27.0
8.0
8.0
8.0
8.0
8.0
8.0
8.0
8.0
8.0
8.0
32.0
34.0
34.0
34.0
34.0
34.0
34.0
34.0
34.0
34.0
41.0
41.0
41.0
43.0
43.0
43.0
43.0
50.0
50.0
50.0
26.0
26.0
26.0
26.0
26.0
26.0
26.0
26.0
26.0
26.0
9.0
9.0
9.0
9.0
9.0
2.0
2.0
2.0
2.0
2.0
31.0
31.0
31.0
31.0
31.0
31.0
31.0
31.0
33.0
33.0
31.0
34.0
34.0
34.0
34.0
34.0
34.0
34.0
34.0
34.0
38.0
53.0
53.0
53.0
53.0
53.0
53.0
53.0
53.0
53.0
19.0
19.0
19.0
19.0
19.0
21.0
21.0
21.0
21.0
21.0
31.0
40.0
40.0
40.0
40.0
40.0
40.0
40.0
40.0
40.0
32.0
37.0
37.0
37.0
37.0
37.0
37.0
37.0
37.0
37.0
14.0
14.0
14.0
14.0
14.0
14.0
7.0
7.0
7.0
7.0
27.0
27.0
18.0
18.0
20.0
20.0
20.0
20.0
20.0
20.0
21.0
21.0
21.0
21.0
21.0
21.0
21.0
30.0
30.0
30.0
1.0
1.0
2.0
2.0
2.0
2.0
2.0
2.0
2.0
2.0
11.0
11.0
11.0
14.0
16.0
16.0
16.0
16.0
16.0
16.0
6.0
6.0
6.0
6.0
6.0
6.0
7.0
7.0
7.0
7.0
2.0
2.0
2.0
2.0
2.0
2.0
3.0
3.0
3.0
3.0
5.0
5.0
5.0
5.0
5.0
5.0
5.0
5.0
5.0
5.0
10.0
10.0
10.0
10.0
11.0
11.0
11.0
11.0
11.0
11.0
17.0
17.0
17.0
17.0
17.0
17.0
17.0
17.0
17.0
17.0
33.0
33.0
33.0
33.0
33.0
33.0
33.0
33.0
33.0
33.0
27.0
33.0
33.0
33.0
33.0
33.0
33.0
33.0
33.0
33.0
25.0
25.0
25.0
27.0
27.0
27.0
27.0
27.0
27.0
27.0
23.0
9.0
9.0
9.0
9.0
10.0
10.0
10.0
10.0
10.0
12.0
12.0
12.0
12.0
12.0
12.0
12.0
12.0
12.0
16.0
33.0
33.0
33.0
33.0
33.0
33.0
33.0
33.0
33.0
33.0
24.0
24.0
24.0
24.0
24.0
25.0
25.0
25.0
25.0
18.0
23.0
23.0
23.0
23.0
23.0
25.0
25.0
25.0
25.0
25.0
34.0
34.0
34.0
34.0
34.0
34.0
34.0
34.0
34.0
39.0
18.0
18.0
18.0
18.0
18.0
18.0
18.0
18.0
18.0
18.0
5.0
5.0
3.0
3.0
2.0
3.0
3.0
3.0
3.0
4.0
12.0
12.0
12.0
12.0
12.0
12.0
14.0
14.0
14.0
14.0
11.0
11.0
11.0
11.0
11.0
11.0
11.0
11.0
11.0
11.0
10.0
10.0
10.0
10.0
10.0
3.0
3.0
3.0
3.0
3.0
29.0
29.0
29.0
29.0
29.0
29.0
29.0
33.0
33.0
33.0
1.0
1.0
1.0
1.0
1.0
1.0
1.0
2.0
2.0
2.0
1.0
1.0
1.0
2.0
2.0
2.0
2.0
2.0
2.0
2.0
45.0
45.0
45.0
45.0
48.0
48.0
48.0
48.0
48.0
48.0
10.0
10.0
10.0
10.0
10.0
10.0
10.0
10.0
10.0
10.0
7.0
7.0
7.0
7.0
7.0
7.0
7.0
2.0
2.0
2.0
7.0
7.0
7.0
7.0
8.0
8.0
8.0
8.0
9.0
9.0
28.0
28.0
28.0
28.0
28.0
28.0
28.0
28.0
28.0
28.0
6.0
6.0
6.0
6.0
6.0
6.0
7.0
7.0
7.0
7.0
26.0
26.0
26.0
26.0
27.0
27.0
27.0
27.0
27.0
27.0
25.0
25.0
25.0
25.0
25.0
25.0
25.0
25.0
25.0
25.0
13.0
13.0
13.0
13.0
13.0
13.0
13.0
13.0
13.0
13.0
31.0
31.0
31.0
31.0
31.0
31.0
31.0
31.0
29.0
29.0
33.0
33.0
33.0
33.0
33.0
33.0
33.0
33.0
33.0
33.0
14.0
14.0
14.0
14.0
14.0
14.0
14.0
8.0
8.0
8.0
29.0
29.0
29.0
29.0
29.0
29.0
29.0
29.0
29.0
29.0
24.0
24.0
24.0
24.0
24.0
24.0
24.0
24.0
24.0
24.0
7.0
7.0
7.0
7.0
7.0
7.0
7.0
8.0
8.0
8.0
19.0
19.0
19.0
9.0
9.0
9.0
9.0
9.0
9.0
9.0
47.0
47.0
47.0
47.0
47.0
47.0
47.0
47.0
47.0
51.0
29.0
29.0
29.0
41.0
41.0
41.0
41.0
41.0
41.0
41.0
30.0
30.0
30.0
30.0
30.0
30.0
30.0
30.0
30.0
30.0
30.0
30.0
12.0
12.0
12.0
12.0
12.0
12.0
12.0
15.0
52.0
52.0
52.0
52.0
52.0
52.0
52.0
52.0
59.0
59.0
4.0
3.0
3.0
3.0
2.0
2.0
2.0
3.0
3.0
3.0
47.0
47.0
47.0
47.0
47.0
56.0
56.0
56.0
56.0
56.0
11.0
13.0
13.0
14.0
14.0
14.0
16.0
16.0
8.0
8.0
29.0
29.0
29.0
29.0
29.0
29.0
29.0
38.0
38.0
38.0
1.0
1.0
1.0
1.0
1.0
1.0
1.0
1.0
1.0
1.0
16.0
16.0
16.0
16.0
16.0
16.0
16.0
16.0
16.0
16.0
7.0
7.0
7.0
7.0
7.0
7.0
7.0
7.0
7.0
7.0
14.0
19.0
19.0
19.0
11.0
11.0
11.0
11.0
11.0
11.0
22.0
22.0
22.0
22.0
22.0
22.0
22.0
22.0
22.0
26.0
9.0
9.0
9.0
9.0
9.0
9.0
10.0
10.0
10.0
10.0
43.0
48.0
48.0
48.0
48.0
56.0
56.0
56.0
56.0
56.0
18.0
18.0
19.0
19.0
19.0
19.0
19.0
19.0
19.0
19.0
18.0
19.0
19.0
19.0
19.0
19.0
19.0
24.0
24.0
24.0
8.0
8.0
8.0
8.0
8.0
8.0
8.0
8.0
8.0
8.0
18.0
18.0
18.0
18.0
18.0
18.0
18.0
18.0
18.0
18.0
3.0
3.0
3.0
3.0
3.0
3.0
3.0
3.0
3.0
3.0
32.0
32.0
32.0
32.0
32.0
32.0
32.0
32.0
32.0
32.0
15.0
15.0
15.0
15.0
15.0
20.0
21.0
21.0
21.0
21.0
29.0
19.0
19.0
19.0
19.0
19.0
19.0
19.0
19.0
19.0
4.0
4.0
4.0
5.0
6.0
6.0
6.0
6.0
6.0
6.0
17.0
17.0
17.0
17.0
17.0
17.0
17.0
17.0
20.0
20.0
13.0
13.0
13.0
13.0
13.0
13.0
13.0
13.0
13.0
13.0
31.0
31.0
31.0
31.0
31.0
31.0
31.0
31.0
31.0
31.0
25.0
25.0
25.0
25.0
25.0
25.0
25.0
25.0
25.0
25.0
11.0
11.0
11.0
11.0
11.0
11.0
11.0
11.0
11.0
11.0
6.0
7.0
7.0
8.0
8.0
8.0
8.0
10.0
11.0
11.0
4.0
4.0
4.0
4.0
4.0
5.0
5.0
5.0
5.0
5.0
33.0
33.0
33.0
33.0
33.0
33.0
33.0
33.0
22.0
22.0
22.0
22.0
22.0
22.0
22.0
22.0
22.0
22.0
22.0
26.0
12.0
12.0
12.0
12.0
12.0
12.0
12.0
5.0
5.0
6.0
20.0
20.0
20.0
20.0
23.0
29.0
29.0
29.0
37.0
37.0
8.0
8.0
8.0
8.0
8.0
8.0
8.0
8.0
8.0
9.0
24.0
24.0
24.0
24.0
24.0
24.0
24.0
24.0
24.0
24.0
21.0
21.0
23.0
23.0
24.0
34.0
34.0
34.0
34.0
34.0
12.0
12.0
12.0
12.0
13.0
13.0
13.0
13.0
13.0
13.0
16.0
16.0
16.0
16.0
16.0
16.0
16.0
16.0
16.0
16.0
6.0
6.0
6.0
6.0
6.0
8.0
8.0
8.0
8.0
8.0
9.0
9.0
14.0
14.0
14.0
14.0
14.0
14.0
14.0
14.0
27.0
27.0
27.0
27.0
27.0
27.0
27.0
27.0
27.0
27.0
20.0
20.0
20.0
20.0
20.0
20.0
20.0
20.0
20.0
20.0
11.0
11.0
13.0
13.0
13.0
13.0
13.0
13.0
13.0
13.0
2.0
2.0
2.0
1.0
1.0
1.0
1.0
1.0
1.0
1.0
13.0
13.0
13.0
13.0
13.0
13.0
13.0
13.0
13.0
19.0
2.0
2.0
2.0
2.0
2.0
2.0
2.0
2.0
2.0
2.0
15.0
15.0
15.0
15.0
15.0
15.0
15.0
15.0
15.0
15.0
17.0
19.0
19.0
19.0
19.0
19.0
19.0
19.0
19.0
19.0
5.0
5.0
5.0
5.0
5.0
5.0
6.0
6.0
6.0
6.0
2.0
1.0
1.0
1.0
2.0
2.0
2.0
2.0
2.0
2.0
9.0
9.0
9.0
9.0
9.0
11.0
11.0
11.0
11.0
11.0
10.0
10.0
11.0
11.0
11.0
11.0
11.0
11.0
11.0
11.0
1.0
1.0
1.0
1.0
1.0
1.0
1.0
1.0
1.0
1.0
5.0
5.0
5.0
5.0
5.0
5.0
6.0
6.0
6.0
6.0
10.0
10.0
12.0
3.0
3.0
3.0
4.0
1.0
1.0
1.0
15.0
15.0
15.0
17.0
17.0
17.0
17.0
17.0
17.0
17.0
22.0
22.0
22.0
22.0
22.0
22.0
22.0
22.0
22.0
22.0
26.0
26.0
26.0
17.0
17.0
17.0
17.0
17.0
21.0
21.0
29.0
29.0
29.0
29.0
29.0
32.0
32.0
32.0
32.0
32.0
8.0
8.0
12.0
12.0
12.0
12.0
12.0
12.0
12.0
12.0
12.0
12.0
12.0
12.0
12.0
12.0
12.0
12.0
12.0
12.0
13.0
13.0
13.0
13.0
13.0
13.0
13.0
13.0
13.0
13.0
15.0
15.0
15.0
15.0
15.0
15.0
15.0
15.0
15.0
15.0
37.0
37.0
37.0
40.0
42.0
42.0
42.0
42.0
42.0
42.0
32.0
32.0
32.0
32.0
32.0
32.0
32.0
32.0
32.0
39.0
21.0
21.0
21.0
21.0
21.0
21.0
21.0
21.0
21.0
21.0
15.0
15.0
15.0
15.0
15.0
15.0
15.0
15.0
15.0
15.0
11.0
11.0
11.0
11.0
11.0
11.0
11.0
11.0
11.0
11.0
14.0
14.0
21.0
21.0
22.0
22.0
22.0
22.0
24.0
24.0
14.0
14.0
20.0
20.0
20.0
20.0
20.0
20.0
20.0
20.0
26.0
26.0
26.0
26.0
11.0
11.0
11.0
11.0
11.0
11.0
3.0
3.0
3.0
3.0
3.0
3.0
3.0
3.0
3.0
3.0
23.0
23.0
23.0
23.0
23.0
23.0
23.0
23.0
23.0
23.0
13.0
13.0
13.0
13.0
13.0
13.0
13.0
13.0
13.0
13.0
12.0
12.0
12.0
12.0
12.0
12.0
12.0
12.0
12.0
12.0
9.0
9.0
12.0
12.0
12.0
12.0
12.0
12.0
12.0
13.0
7.0
7.0
7.0
7.0
10.0
10.0
10.0
10.0
12.0
12.0
43.0
58.0
58.0
58.0
58.0
60.0
60.0
60.0
60.0
60.0
24.0
24.0
24.0
24.0
24.0
24.0
24.0
24.0
24.0
28.0
9.0
9.0
9.0
9.0
9.0
9.0
9.0
9.0
9.0
9.0
30.0
30.0
15.0
17.0
17.0
17.0
17.0
17.0
17.0
17.0
17.0
17.0
17.0
17.0
17.0
17.0
17.0
17.0
5.0
5.0
11.0
12.0
12.0
12.0
13.0
13.0
13.0
13.0
13.0
13.0
10.0
10.0
10.0
10.0
10.0
10.0
10.0
10.0
10.0
11.0
31.0
32.0
32.0
21.0
21.0
21.0
21.0
21.0
21.0
21.0
43.0
47.0
47.0
47.0
47.0
47.0
47.0
47.0
47.0
47.0
12.0
12.0
12.0
12.0
12.0
12.0
12.0
12.0
12.0
12.0
29.0
30.0
40.0
40.0
40.0
40.0
40.0
40.0
40.0
40.0
15.0
19.0
19.0
19.0
19.0
19.0
19.0
19.0
19.0
19.0
5.0
5.0
5.0
5.0
7.0
9.0
9.0
9.0
10.0
10.0
15.0
15.0
15.0
15.0
15.0
15.0
15.0
15.0
15.0
15.0
35.0
35.0
35.0
36.0
36.0
36.0
36.0
44.0
44.0
44.0
41.0
41.0
41.0
41.0
45.0
25.0
25.0
25.0
25.0
25.0
6.0
6.0
6.0
6.0
6.0
6.0
6.0
6.0
6.0
6.0
9.0
9.0
9.0
9.0
9.0
9.0
9.0
9.0
9.0
9.0
27.0
27.0
27.0
27.0
27.0
27.0
27.0
27.0
27.0
27.0
21.0
21.0
21.0
21.0
21.0
21.0
21.0
21.0
21.0
21.0
3.0
3.0
3.0
3.0
3.0
3.0
3.0
3.0
3.0
4.0
21.0
21.0
21.0
21.0
21.0
21.0
21.0
21.0
21.0
21.0
24.0
24.0
24.0
24.0
24.0
24.0
24.0
24.0
24.0
24.0
29.0
29.0
29.0
29.0
29.0
29.0
29.0
29.0
29.0
29.0
3.0
3.0
4.0
4.0
4.0
4.0
4.0
4.0
4.0
4.0
8.0
8.0
8.0
8.0
8.0
8.0
8.0
8.0
8.0
11.0
12.0
12.0
12.0
8.0
8.0
8.0
8.0
8.0
8.0
8.0
26.0
26.0
26.0
26.0
26.0
26.0
26.0
26.0
26.0
26.0
26.0
26.0
26.0
26.0
29.0
29.0
29.0
29.0
29.0
29.0
25.0
25.0
25.0
25.0
25.0
25.0
25.0
25.0
25.0
25.0
25.0
25.0
25.0
25.0
27.0
27.0
27.0
28.0
28.0
28.0
34.0
34.0
42.0
42.0
49.0
49.0
49.0
49.0
49.0
49.0
27.0
27.0
27.0
30.0
30.0
30.0
30.0
30.0
31.0
31.0
1.0
1.0
1.0
1.0
1.0
1.0
1.0
1.0
1.0
1.0
14.0
14.0
14.0
17.0
17.0
17.0
17.0
17.0
17.0
17.0
15.0
15.0
15.0
15.0
15.0
15.0
15.0
15.0
15.0
15.0
7.0
4.0
2.0
2.0
2.0
3.0
3.0
3.0
3.0
3.0
37.0
37.0
37.0
37.0
39.0
39.0
39.0
39.0
39.0
41.0
9.0
9.0
9.0
9.0
9.0
9.0
9.0
9.0
9.0
14.0
17.0
17.0
17.0
17.0
17.0
17.0
17.0
17.0
17.0
17.0
37.0
37.0
37.0
37.0
37.0
37.0
37.0
37.0
37.0
37.0
35.0
35.0
35.0
35.0
35.0
35.0
35.0
35.0
35.0
35.0
25.0
25.0
25.0
25.0
25.0
25.0
25.0
25.0
25.0
30.0
2.0
2.0
2.0
2.0
2.0
1.0
1.0
2.0
2.0
2.0
12.0
12.0
12.0
12.0
12.0
12.0
12.0
12.0
12.0
12.0
3.0
3.0
3.0
3.0
3.0
1.0
1.0
1.0
1.0
1.0
19.0
19.0
19.0
19.0
19.0
19.0
19.0
19.0
19.0
20.0
13.0
15.0
15.0
15.0
16.0
16.0
16.0
16.0
16.0
16.0
3.0
3.0
3.0
3.0
3.0
3.0
3.0
3.0
3.0
2.0
7.0
7.0
7.0
7.0
8.0
8.0
8.0
8.0
8.0
8.0
8.0
8.0
8.0
9.0
9.0
9.0
9.0
9.0
9.0
9.0
34.0
34.0
34.0
34.0
34.0
34.0
34.0
34.0
34.0
34.0
35.0
12.0
12.0
12.0
13.0
13.0
13.0
13.0
13.0
13.0
39.0
39.0
39.0
39.0
39.0
39.0
39.0
39.0
43.0
43.0
16.0
16.0
16.0
16.0
16.0
16.0
16.0
16.0
16.0
16.0
30.0
30.0
30.0
30.0
30.0
30.0
48.0
48.0
48.0
48.0
3.0
3.0
3.0
3.0
3.0
3.0
3.0
3.0
3.0
3.0
24.0
10.0
12.0
14.0
14.0
14.0
14.0
14.0
15.0
15.0
36.0
36.0
36.0
36.0
39.0
39.0
39.0
39.0
39.0
39.0
34.0
34.0
34.0
34.0
34.0
34.0
34.0
34.0
34.0
34.0
19.0
19.0
19.0
21.0
25.0
25.0
25.0
25.0
25.0
34.0
32.0
32.0
32.0
32.0
36.0
36.0
36.0
36.0
36.0
37.0
17.0
17.0
17.0
17.0
17.0
17.0
5.0
6.0
6.0
6.0
1.0
1.0
1.0
1.0
1.0
1.0
1.0
1.0
1.0
1.0
29.0
29.0
29.0
29.0
29.0
29.0
29.0
29.0
29.0
29.0
11.0
12.0
12.0
12.0
12.0
12.0
12.0
12.0
12.0
12.0
24.0
24.0
24.0
24.0
24.0
24.0
24.0
26.0
26.0
26.0
39.0
39.0
39.0
20.0
21.0
21.0
21.0
25.0
25.0
25.0
29.0
29.0
29.0
29.0
29.0
29.0
29.0
29.0
29.0
35.0
3.0
3.0
3.0
4.0
4.0
4.0
4.0
4.0
4.0
4.0
37.0
37.0
37.0
37.0
37.0
37.0
37.0
37.0
37.0
37.0
13.0
13.0
13.0
13.0
13.0
16.0
16.0
17.0
17.0
17.0
39.0
39.0
40.0
40.0
40.0
40.0
40.0
40.0
40.0
40.0
13.0
15.0
15.0
15.0
15.0
15.0
15.0
15.0
15.0
7.0
4.0
4.0
4.0
4.0
4.0
4.0
4.0
4.0
4.0
4.0
30.0
30.0
30.0
30.0
30.0
30.0
30.0
30.0
30.0
30.0
31.0
31.0
37.0
37.0
37.0
37.0
37.0
37.0
37.0
48.0
49.0
49.0
49.0
49.0
49.0
49.0
49.0
49.0
49.0
49.0
23.0
23.0
23.0
23.0
23.0
23.0
23.0
23.0
23.0
23.0
1.0
1.0
1.0
1.0
1.0
1.0
1.0
2.0
2.0
2.0
20.0
20.0
20.0
20.0
22.0
22.0
22.0
26.0
29.0
29.0
23.0
23.0
23.0
23.0
23.0
23.0
23.0
23.0
23.0
32.0
33.0
33.0
33.0
33.0
33.0
33.0
33.0
33.0
33.0
33.0
23.0
23.0
23.0
23.0
23.0
23.0
23.0
23.0
23.0
23.0
33.0
33.0
33.0
33.0
33.0
33.0
33.0
33.0
33.0
33.0
27.0
27.0
27.0
27.0
27.0
27.0
27.0
27.0
27.0
27.0
3.0
3.0
3.0
3.0
3.0
1.0
1.0
1.0
1.0
2.0
12.0
12.0
15.0
15.0
7.0
7.0
7.0
7.0
7.0
7.0
23.0
23.0
23.0
23.0
23.0
23.0
23.0
23.0
23.0
23.0
11.0
12.0
12.0
14.0
15.0
15.0
19.0
19.0
19.0
19.0
31.0
31.0
31.0
31.0
31.0
31.0
31.0
32.0
32.0
32.0
37.0
37.0
37.0
37.0
37.0
37.0
37.0
44.0
44.0
44.0
20.0
20.0
20.0
20.0
23.0
23.0
23.0
23.0
23.0
23.0
36.0
38.0
38.0
38.0
38.0
38.0
38.0
38.0
38.0
38.0
