WIN FINALE DIS
6.0
6.0
6.0
6.0
6.0
6.0
6.0
6.0
6.0
6.0
2.0
2.0
2.0
2.0
2.0
2.0
2.0
2.0
1.0
1.0
26.0
15.0
15.0
15.0
15.0
15.0
15.0
15.0
15.0
15.0
34.0
34.0
34.0
34.0
34.0
34.0
34.0
34.0
34.0
19.0
16.0
16.0
16.0
16.0
16.0
16.0
16.0
16.0
16.0
16.0
25.0
25.0
25.0
25.0
25.0
25.0
31.0
31.0
35.0
35.0
8.0
8.0
8.0
8.0
8.0
3.0
3.0
3.0
3.0
3.0
27.0
27.0
27.0
27.0
27.0
27.0
27.0
15.0
15.0
15.0
33.0
33.0
33.0
33.0
17.0
22.0
22.0
22.0
22.0
22.0
31.0
31.0
31.0
31.0
31.0
31.0
32.0
32.0
32.0
32.0
46.0
46.0
46.0
46.0
46.0
46.0
46.0
46.0
46.0
54.0
27.0
16.0
16.0
16.0
16.0
16.0
16.0
16.0
16.0
16.0
37.0
37.0
37.0
41.0
41.0
41.0
41.0
41.0
41.0
41.0
40.0
40.0
40.0
40.0
40.0
40.0
40.0
40.0
40.0
40.0
28.0
28.0
28.0
30.0
30.0
30.0
30.0
30.0
30.0
30.0
19.0
19.0
19.0
19.0
19.0
19.0
19.0
19.0
19.0
19.0
14.0
16.0
16.0
16.0
16.0
16.0
16.0
16.0
16.0
16.0
30.0
31.0
39.0
39.0
39.0
39.0
39.0
39.0
39.0
41.0
23.0
23.0
23.0
23.0
23.0
23.0
23.0
23.0
23.0
23.0
28.0
28.0
28.0
28.0
28.0
28.0
28.0
28.0
28.0
28.0
5.0
5.0
5.0
5.0
2.0
2.0
2.0
2.0
2.0
1.0
19.0
19.0
19.0
19.0
22.0
22.0
22.0
22.0
22.0
22.0
37.0
37.0
37.0
37.0
37.0
37.0
37.0
37.0
37.0
37.0
47.0
47.0
47.0
47.0
49.0
49.0
49.0
56.0
56.0
56.0
39.0
42.0
42.0
42.0
42.0
8.0
8.0
8.0
8.0
8.0
4.0
4.0
4.0
4.0
4.0
4.0
4.0
4.0
4.0
4.0
10.0
10.0
11.0
11.0
4.0
4.0
4.0
4.0
4.0
4.0
32.0
35.0
35.0
35.0
35.0
35.0
40.0
40.0
40.0
40.0
33.0
33.0
33.0
33.0
33.0
33.0
33.0
33.0
42.0
42.0
8.0
8.0
8.0
8.0
8.0
8.0
8.0
8.0
8.0
8.0
53.0
53.0
57.0
57.0
57.0
57.0
57.0
57.0
57.0
57.0
22.0
8.0
8.0
8.0
10.0
10.0
10.0
10.0
10.0
10.0
27.0
14.0
14.0
14.0
4.0
5.0
5.0
5.0
5.0
5.0
1.0
1.0
1.0
1.0
2.0
2.0
2.0
3.0
3.0
3.0
3.0
3.0
3.0
3.0
3.0
3.0
3.0
3.0
3.0
3.0
23.0
23.0
23.0
23.0
23.0
23.0
23.0
23.0
23.0
23.0
26.0
31.0
31.0
33.0
33.0
33.0
33.0
33.0
33.0
33.0
10.0
10.0
10.0
10.0
10.0
10.0
10.0
10.0
10.0
10.0
37.0
37.0
37.0
39.0
39.0
39.0
39.0
39.0
39.0
39.0
35.0
35.0
35.0
35.0
35.0
35.0
35.0
35.0
35.0
35.0
14.0
14.0
16.0
16.0
16.0
16.0
19.0
19.0
19.0
19.0
9.0
9.0
9.0
9.0
9.0
9.0
9.0
9.0
9.0
10.0
14.0
14.0
14.0
14.0
14.0
14.0
14.0
14.0
14.0
15.0
47.0
47.0
47.0
47.0
47.0
47.0
47.0
47.0
47.0
47.0
16.0
16.0
16.0
16.0
16.0
16.0
16.0
16.0
16.0
25.0
15.0
15.0
15.0
15.0
16.0
16.0
16.0
16.0
16.0
16.0
18.0
18.0
19.0
9.0
9.0
9.0
9.0
9.0
9.0
9.0
3.0
3.0
3.0
3.0
3.0
3.0
3.0
3.0
3.0
4.0
22.0
22.0
22.0
22.0
22.0
22.0
22.0
7.0
7.0
9.0
2.0
2.0
2.0
2.0
2.0
2.0
2.0
2.0
2.0
1.0
51.0
51.0
51.0
51.0
51.0
51.0
51.0
51.0
58.0
58.0
11.0
11.0
11.0
11.0
11.0
11.0
11.0
11.0
11.0
11.0
23.0
23.0
23.0
23.0
23.0
23.0
23.0
23.0
23.0
23.0
26.0
26.0
26.0
26.0
26.0
26.0
26.0
26.0
26.0
26.0
22.0
22.0
22.0
22.0
22.0
22.0
22.0
26.0
26.0
26.0
16.0
16.0
16.0
16.0
16.0
16.0
16.0
17.0
17.0
17.0
6.0
6.0
6.0
6.0
1.0
1.0
1.0
1.0
1.0
1.0
23.0
23.0
23.0
23.0
23.0
23.0
23.0
23.0
23.0
11.0
31.0
31.0
31.0
31.0
31.0
31.0
31.0
35.0
35.0
35.0
9.0
9.0
9.0
9.0
9.0
9.0
9.0
9.0
9.0
9.0
16.0
16.0
16.0
16.0
16.0
16.0
16.0
16.0
16.0
16.0
26.0
26.0
26.0
26.0
26.0
26.0
26.0
26.0
26.0
26.0
14.0
14.0
14.0
14.0
14.0
14.0
14.0
14.0
14.0
14.0
37.0
37.0
37.0
37.0
37.0
37.0
37.0
37.0
37.0
37.0
28.0
28.0
28.0
28.0
28.0
28.0
19.0
19.0
21.0
21.0
14.0
14.0
14.0
14.0
14.0
15.0
15.0
17.0
17.0
17.0
1.0
1.0
1.0
1.0
1.0
1.0
1.0
1.0
1.0
1.0
33.0
33.0
33.0
33.0
33.0
35.0
35.0
35.0
43.0
45.0
12.0
12.0
12.0
13.0
13.0
13.0
13.0
13.0
14.0
14.0
8.0
4.0
4.0
4.0
4.0
4.0
4.0
4.0
3.0
3.0
8.0
8.0
8.0
8.0
8.0
8.0
8.0
8.0
8.0
8.0
24.0
24.0
24.0
24.0
24.0
24.0
24.0
24.0
24.0
24.0
4.0
4.0
4.0
4.0
4.0
4.0
4.0
4.0
4.0
1.0
5.0
5.0
5.0
5.0
6.0
6.0
7.0
7.0
7.0
7.0
21.0
30.0
30.0
30.0
30.0
30.0
30.0
30.0
30.0
30.0
13.0
13.0
13.0
13.0
13.0
13.0
13.0
13.0
13.0
13.0
28.0
28.0
28.0
31.0
31.0
31.0
31.0
31.0
31.0
31.0
43.0
20.0
20.0
20.0
20.0
20.0
20.0
15.0
15.0
15.0
27.0
27.0
27.0
28.0
28.0
28.0
28.0
28.0
28.0
28.0
37.0
37.0
37.0
37.0
37.0
38.0
38.0
38.0
38.0
38.0
20.0
20.0
20.0
20.0
20.0
20.0
20.0
20.0
20.0
20.0
1.0
1.0
1.0
1.0
1.0
1.0
1.0
1.0
1.0
1.0
20.0
20.0
20.0
20.0
20.0
20.0
20.0
7.0
7.0
7.0
27.0
27.0
28.0
14.0
14.0
10.0
10.0
10.0
10.0
10.0
18.0
19.0
19.0
19.0
19.0
22.0
22.0
22.0
26.0
26.0
52.0
52.0
52.0
52.0
52.0
52.0
52.0
52.0
52.0
55.0
15.0
15.0
15.0
16.0
16.0
16.0
16.0
18.0
18.0
18.0
5.0
5.0
5.0
2.0
2.0
2.0
2.0
3.0
3.0
3.0
27.0
27.0
27.0
29.0
29.0
11.0
11.0
11.0
11.0
11.0
1.0
1.0
1.0
1.0
1.0
1.0
1.0
1.0
1.0
1.0
8.0
8.0
8.0
8.0
8.0
8.0
8.0
9.0
9.0
9.0
19.0
19.0
19.0
20.0
20.0
22.0
25.0
25.0
25.0
25.0
7.0
7.0
7.0
9.0
9.0
9.0
9.0
9.0
11.0
11.0
33.0
33.0
33.0
33.0
33.0
33.0
33.0
33.0
33.0
33.0
4.0
4.0
4.0
4.0
4.0
4.0
4.0
4.0
4.0
5.0
3.0
3.0
2.0
2.0
2.0
2.0
1.0
1.0
1.0
1.0
7.0
7.0
7.0
7.0
8.0
8.0
8.0
8.0
8.0
8.0
10.0
10.0
10.0
10.0
10.0
10.0
14.0
14.0
14.0
14.0
2.0
2.0
2.0
2.0
2.0
2.0
1.0
2.0
2.0
2.0
15.0
15.0
15.0
18.0
18.0
18.0
18.0
18.0
18.0
18.0
2.0
2.0
2.0
2.0
2.0
2.0
2.0
2.0
2.0
1.0
25.0
25.0
29.0
29.0
29.0
19.0
19.0
19.0
19.0
19.0
11.0
11.0
11.0
11.0
11.0
11.0
11.0
11.0
11.0
11.0
10.0
10.0
10.0
10.0
10.0
10.0
10.0
10.0
10.0
10.0
30.0
14.0
14.0
14.0
17.0
17.0
17.0
20.0
19.0
19.0
4.0
4.0
5.0
5.0
5.0
5.0
5.0
5.0
5.0
5.0
15.0
18.0
18.0
18.0
18.0
18.0
18.0
20.0
20.0
20.0
37.0
37.0
37.0
37.0
37.0
37.0
37.0
37.0
37.0
37.0
9.0
9.0
9.0
9.0
9.0
9.0
10.0
10.0
10.0
10.0
20.0
20.0
20.0
20.0
20.0
21.0
22.0
22.0
22.0
22.0
51.0
51.0
51.0
53.0
53.0
53.0
53.0
53.0
53.0
53.0
13.0
13.0
13.0
13.0
13.0
13.0
13.0
13.0
13.0
13.0
33.0
33.0
16.0
16.0
16.0
16.0
16.0
16.0
16.0
21.0
19.0
13.0
14.0
14.0
14.0
14.0
14.0
14.0
14.0
14.0
6.0
6.0
6.0
6.0
6.0
6.0
7.0
7.0
7.0
7.0
9.0
9.0
9.0
9.0
9.0
9.0
11.0
11.0
11.0
11.0
35.0
35.0
36.0
37.0
37.0
37.0
37.0
37.0
37.0
37.0
29.0
29.0
29.0
29.0
29.0
11.0
11.0
11.0
11.0
4.0
29.0
29.0
29.0
29.0
29.0
29.0
29.0
29.0
29.0
29.0
31.0
31.0
31.0
31.0
31.0
31.0
31.0
31.0
35.0
35.0
15.0
15.0
15.0
15.0
15.0
15.0
15.0
15.0
15.0
15.0
31.0
31.0
31.0
31.0
31.0
40.0
40.0
40.0
40.0
40.0
31.0
31.0
31.0
31.0
31.0
31.0
31.0
34.0
34.0
34.0
6.0
6.0
6.0
6.0
6.0
6.0
6.0
8.0
8.0
3.0
1.0
1.0
1.0
1.0
1.0
1.0
2.0
2.0
2.0
2.0
21.0
21.0
23.0
23.0
23.0
23.0
23.0
27.0
27.0
27.0
13.0
13.0
13.0
13.0
13.0
13.0
13.0
13.0
13.0
13.0
42.0
42.0
42.0
42.0
42.0
42.0
42.0
42.0
42.0
42.0
23.0
23.0
23.0
23.0
23.0
23.0
23.0
25.0
25.0
25.0
24.0
24.0
24.0
24.0
24.0
24.0
24.0
24.0
24.0
24.0
27.0
27.0
27.0
27.0
27.0
27.0
27.0
27.0
27.0
27.0
37.0
37.0
42.0
42.0
42.0
42.0
42.0
42.0
42.0
42.0
10.0
10.0
10.0
10.0
10.0
10.0
10.0
10.0
10.0
10.0
14.0
14.0
14.0
14.0
14.0
14.0
14.0
14.0
14.0
14.0
11.0
11.0
11.0
13.0
15.0
23.0
23.0
23.0
23.0
23.0
18.0
10.0
10.0
13.0
13.0
13.0
13.0
18.0
18.0
18.0
15.0
15.0
15.0
15.0
15.0
15.0
15.0
15.0
15.0
15.0
23.0
23.0
23.0
23.0
23.0
23.0
24.0
24.0
20.0
20.0
38.0
38.0
38.0
38.0
18.0
18.0
18.0
18.0
18.0
18.0
12.0
12.0
12.0
12.0
12.0
12.0
12.0
12.0
12.0
12.0
10.0
10.0
10.0
10.0
10.0
10.0
10.0
10.0
10.0
11.0
61.0
61.0
61.0
61.0
61.0
63.0
68.0
77.0
77.0
94.0
50.0
50.0
50.0
50.0
50.0
50.0
50.0
50.0
50.0
50.0
32.0
32.0
32.0
32.0
32.0
32.0
32.0
32.0
32.0
32.0
4.0
4.0
4.0
4.0
5.0
5.0
5.0
5.0
5.0
2.0
1.0
1.0
1.0
1.0
1.0
1.0
1.0
1.0
1.0
1.0
4.0
4.0
4.0
4.0
4.0
4.0
4.0
1.0
1.0
1.0
3.0
3.0
3.0
3.0
3.0
3.0
3.0
3.0
3.0
3.0
3.0
3.0
3.0
3.0
3.0
3.0
4.0
4.0
4.0
4.0
7.0
7.0
7.0
7.0
7.0
7.0
7.0
7.0
7.0
7.0
26.0
27.0
27.0
27.0
27.0
27.0
27.0
27.0
27.0
27.0
4.0
4.0
5.0
5.0
5.0
5.0
5.0
5.0
6.0
6.0
1.0
1.0
1.0
1.0
1.0
1.0
1.0
1.0
1.0
1.0
16.0
16.0
14.0
14.0
14.0
15.0
15.0
15.0
17.0
17.0
5.0
5.0
5.0
2.0
2.0
2.0
2.0
2.0
2.0
2.0
2.0
2.0
2.0
2.0
2.0
2.0
2.0
2.0
2.0
2.0
33.0
33.0
11.0
11.0
4.0
4.0
4.0
4.0
4.0
4.0
26.0
26.0
26.0
26.0
26.0
26.0
26.0
26.0
26.0
26.0
7.0
7.0
8.0
8.0
8.0
8.0
9.0
11.0
11.0
11.0
20.0
21.0
21.0
21.0
21.0
21.0
7.0
7.0
7.0
7.0
41.0
41.0
41.0
41.0
41.0
41.0
49.0
18.0
18.0
18.0
3.0
3.0
2.0
1.0
1.0
1.0
1.0
1.0
1.0
1.0
28.0
28.0
28.0
28.0
28.0
28.0
28.0
28.0
28.0
28.0
33.0
33.0
33.0
33.0
33.0
33.0
33.0
33.0
39.0
39.0
1.0
1.0
1.0
1.0
1.0
1.0
1.0
1.0
1.0
2.0
6.0
6.0
2.0
2.0
2.0
2.0
2.0
2.0
1.0
1.0
23.0
23.0
23.0
23.0
23.0
23.0
23.0
23.0
23.0
23.0
29.0
29.0
29.0
29.0
29.0
29.0
29.0
29.0
29.0
29.0
42.0
42.0
42.0
42.0
42.0
42.0
42.0
42.0
42.0
42.0
24.0
24.0
24.0
24.0
27.0
27.0
27.0
27.0
27.0
27.0
20.0
20.0
20.0
20.0
20.0
20.0
20.0
20.0
20.0
20.0
25.0
25.0
25.0
25.0
25.0
25.0
25.0
25.0
25.0
14.0
42.0
42.0
42.0
42.0
42.0
42.0
42.0
42.0
42.0
42.0
33.0
33.0
33.0
33.0
33.0
33.0
33.0
33.0
33.0
33.0
58.0
58.0
58.0
67.0
67.0
67.0
67.0
67.0
76.0
76.0
55.0
55.0
55.0
55.0
55.0
10.0
10.0
15.0
15.0
15.0
1.0
1.0
1.0
1.0
1.0
1.0
2.0
2.0
2.0
2.0
22.0
22.0
22.0
22.0
22.0
11.0
11.0
11.0
11.0
11.0
10.0
10.0
10.0
10.0
10.0
12.0
12.0
12.0
13.0
13.0
32.0
32.0
32.0
38.0
38.0
38.0
38.0
38.0
38.0
38.0
12.0
12.0
12.0
12.0
12.0
12.0
12.0
12.0
12.0
12.0
4.0
5.0
5.0
5.0
5.0
5.0
5.0
5.0
5.0
5.0
48.0
48.0
48.0
48.0
48.0
48.0
48.0
48.0
48.0
48.0
1.0
2.0
2.0
2.0
2.0
2.0
2.0
1.0
1.0
1.0
10.0
10.0
10.0
10.0
13.0
13.0
13.0
13.0
13.0
13.0
3.0
3.0
3.0
3.0
3.0
3.0
3.0
3.0
3.0
3.0
14.0
14.0
14.0
14.0
14.0
14.0
14.0
14.0
14.0
14.0
19.0
19.0
19.0
19.0
20.0
20.0
20.0
20.0
20.0
21.0
20.0
20.0
20.0
20.0
20.0
20.0
20.0
20.0
20.0
20.0
5.0
5.0
5.0
5.0
5.0
5.0
5.0
5.0
5.0
6.0
5.0
5.0
5.0
5.0
5.0
5.0
5.0
5.0
5.0
5.0
31.0
31.0
31.0
31.0
31.0
31.0
31.0
31.0
36.0
36.0
2.0
2.0
2.0
2.0
1.0
1.0
1.0
1.0
1.0
2.0
12.0
12.0
12.0
12.0
12.0
12.0
12.0
13.0
13.0
13.0
15.0
15.0
15.0
15.0
15.0
15.0
15.0
15.0
15.0
15.0
19.0
19.0
19.0
19.0
19.0
19.0
19.0
19.0
19.0
19.0
31.0
31.0
31.0
31.0
31.0
31.0
31.0
31.0
31.0
37.0
10.0
10.0
10.0
10.0
10.0
10.0
11.0
11.0
11.0
11.0
24.0
24.0
24.0
24.0
24.0
24.0
24.0
24.0
24.0
24.0
21.0
21.0
21.0
21.0
21.0
21.0
21.0
21.0
21.0
21.0
21.0
21.0
21.0
21.0
21.0
21.0
21.0
21.0
21.0
21.0
7.0
7.0
7.0
7.0
7.0
7.0
7.0
7.0
7.0
7.0
16.0
16.0
6.0
6.0
6.0
6.0
6.0
6.0
6.0
6.0
20.0
20.0
20.0
21.0
21.0
21.0
21.0
21.0
21.0
21.0
43.0
60.0
28.0
28.0
28.0
28.0
28.0
28.0
28.0
30.0
17.0
20.0
20.0
20.0
20.0
20.0
20.0
20.0
20.0
20.0
13.0
13.0
13.0
13.0
13.0
13.0
13.0
13.0
13.0
13.0
17.0
17.0
17.0
17.0
17.0
17.0
8.0
8.0
8.0
8.0
15.0
15.0
15.0
15.0
9.0
9.0
9.0
9.0
11.0
11.0
1.0
1.0
2.0
2.0
2.0
2.0
2.0
1.0
1.0
1.0
27.0
29.0
29.0
29.0
29.0
29.0
29.0
29.0
29.0
29.0
30.0
30.0
30.0
30.0
30.0
30.0
30.0
30.0
30.0
30.0
8.0
8.0
8.0
8.0
8.0
9.0
9.0
9.0
9.0
9.0
15.0
15.0
15.0
15.0
15.0
15.0
15.0
15.0
15.0
15.0
31.0
31.0
32.0
32.0
33.0
33.0
33.0
33.0
36.0
36.0
5.0
5.0
5.0
5.0
5.0
5.0
5.0
5.0
5.0
5.0
20.0
20.0
20.0
20.0
20.0
20.0
20.0
20.0
20.0
20.0
10.0
10.0
10.0
10.0
10.0
10.0
10.0
10.0
10.0
10.0
32.0
16.0
16.0
16.0
16.0
7.0
7.0
7.0
7.0
7.0
39.0
39.0
39.0
39.0
39.0
39.0
39.0
41.0
41.0
41.0
26.0
26.0
26.0
26.0
26.0
38.0
38.0
38.0
38.0
38.0
11.0
11.0
11.0
11.0
11.0
11.0
11.0
11.0
11.0
11.0
14.0
21.0
21.0
21.0
21.0
21.0
21.0
21.0
25.0
25.0
32.0
32.0
32.0
44.0
44.0
44.0
44.0
44.0
44.0
44.0
7.0
8.0
8.0
8.0
8.0
8.0
8.0
8.0
8.0
8.0
4.0
4.0
4.0
4.0
4.0
1.0
1.0
1.0
2.0
2.0
20.0
20.0
24.0
24.0
24.0
24.0
25.0
25.0
25.0
25.0
4.0
4.0
4.0
4.0
4.0
4.0
4.0
4.0
4.0
4.0
18.0
18.0
18.0
18.0
18.0
18.0
18.0
21.0
21.0
21.0
37.0
37.0
37.0
37.0
37.0
37.0
37.0
37.0
37.0
37.0
22.0
22.0
22.0
22.0
22.0
22.0
22.0
23.0
23.0
23.0
23.0
23.0
23.0
24.0
24.0
29.0
29.0
29.0
29.0
29.0
12.0
14.0
14.0
19.0
21.0
21.0
21.0
21.0
21.0
21.0
19.0
23.0
23.0
23.0
23.0
23.0
23.0
23.0
23.0
23.0
24.0
24.0
25.0
25.0
25.0
25.0
25.0
25.0
25.0
25.0
7.0
7.0
7.0
7.0
7.0
7.0
7.0
9.0
9.0
13.0
37.0
37.0
37.0
37.0
37.0
37.0
37.0
37.0
37.0
37.0
10.0
10.0
10.0
13.0
13.0
13.0
13.0
13.0
13.0
13.0
55.0
55.0
55.0
55.0
55.0
55.0
55.0
55.0
56.0
65.0
12.0
12.0
13.0
13.0
13.0
13.0
13.0
13.0
13.0
13.0
3.0
3.0
3.0
3.0
3.0
3.0
3.0
3.0
3.0
3.0
13.0
13.0
13.0
13.0
13.0
13.0
13.0
13.0
13.0
13.0
10.0
10.0
10.0
10.0
10.0
10.0
10.0
10.0
10.0
10.0
13.0
13.0
13.0
13.0
13.0
13.0
13.0
7.0
7.0
7.0
11.0
11.0
14.0
14.0
14.0
16.0
16.0
16.0
16.0
16.0
23.0
23.0
23.0
23.0
23.0
23.0
23.0
23.0
23.0
23.0
26.0
26.0
26.0
26.0
26.0
26.0
26.0
26.0
26.0
26.0
20.0
20.0
20.0
20.0
20.0
20.0
20.0
20.0
20.0
20.0
13.0
13.0
13.0
20.0
20.0
20.0
20.0
20.0
23.0
23.0
7.0
3.0
3.0
3.0
3.0
3.0
3.0
3.0
3.0
3.0
14.0
14.0
14.0
14.0
14.0
14.0
14.0
14.0
14.0
15.0
35.0
35.0
35.0
35.0
35.0
35.0
35.0
35.0
35.0
35.0
13.0
13.0
13.0
13.0
14.0
14.0
14.0
14.0
14.0
14.0
13.0
13.0
13.0
13.0
13.0
13.0
13.0
16.0
16.0
16.0
9.0
9.0
9.0
9.0
9.0
6.0
5.0
5.0
5.0
5.0
3.0
3.0
3.0
3.0
3.0
3.0
3.0
3.0
3.0
3.0
3.0
3.0
4.0
4.0
4.0
4.0
4.0
4.0
4.0
4.0
10.0
10.0
10.0
10.0
10.0
10.0
11.0
11.0
11.0
11.0
7.0
7.0
8.0
8.0
8.0
8.0
8.0
8.0
8.0
8.0
20.0
20.0
20.0
20.0
20.0
20.0
20.0
20.0
20.0
20.0
21.0
21.0
21.0
21.0
25.0
25.0
25.0
25.0
25.0
29.0
20.0
20.0
20.0
20.0
22.0
22.0
22.0
22.0
22.0
22.0
5.0
5.0
5.0
5.0
5.0
5.0
5.0
5.0
5.0
5.0
19.0
19.0
19.0
19.0
19.0
19.0
19.0
19.0
19.0
19.0
17.0
17.0
17.0
17.0
17.0
21.0
21.0
25.0
25.0
25.0
27.0
27.0
27.0
27.0
27.0
27.0
32.0
32.0
37.0
37.0
9.0
9.0
9.0
9.0
11.0
11.0
11.0
11.0
11.0
11.0
2.0
2.0
2.0
2.0
1.0
1.0
1.0
2.0
2.0
2.0
59.0
59.0
59.0
59.0
59.0
59.0
59.0
59.0
59.0
59.0
20.0
20.0
20.0
20.0
20.0
20.0
20.0
20.0
20.0
20.0
29.0
29.0
29.0
29.0
33.0
33.0
34.0
34.0
36.0
36.0
3.0
3.0
3.0
3.0
3.0
3.0
3.0
3.0
3.0
3.0
6.0
6.0
6.0
6.0
6.0
6.0
6.0
6.0
6.0
6.0
4.0
4.0
4.0
4.0
5.0
5.0
5.0
5.0
5.0
5.0
24.0
24.0
24.0
24.0
24.0
24.0
24.0
24.0
24.0
24.0
3.0
3.0
3.0
3.0
3.0
3.0
3.0
3.0
3.0
3.0
10.0
10.0
10.0
11.0
11.0
11.0
11.0
11.0
11.0
11.0
16.0
16.0
16.0
16.0
16.0
16.0
16.0
18.0
18.0
18.0
10.0
10.0
10.0
10.0
10.0
10.0
13.0
18.0
24.0
9.0
10.0
10.0
10.0
10.0
10.0
10.0
10.0
11.0
11.0
11.0
9.0
9.0
9.0
9.0
9.0
9.0
9.0
12.0
12.0
12.0
27.0
27.0
27.0
27.0
27.0
27.0
27.0
27.0
27.0
27.0
25.0
25.0
25.0
25.0
25.0
25.0
25.0
29.0
29.0
29.0
4.0
4.0
5.0
5.0
5.0
5.0
5.0
5.0
6.0
6.0
18.0
18.0
18.0
19.0
19.0
19.0
19.0
19.0
19.0
19.0
22.0
22.0
22.0
22.0
22.0
22.0
22.0
22.0
22.0
22.0
42.0
42.0
43.0
43.0
43.0
43.0
43.0
43.0
43.0
43.0
25.0
25.0
25.0
25.0
25.0
25.0
25.0
16.0
16.0
16.0
16.0
16.0
16.0
17.0
17.0
17.0
17.0
17.0
17.0
17.0
24.0
27.0
31.0
31.0
31.0
31.0
31.0
31.0
31.0
31.0
30.0
30.0
34.0
34.0
34.0
34.0
34.0
34.0
34.0
34.0
109.0
109.0
109.0
109.0
109.0
109.0
109.0
109.0
109.0
37.0
12.0
12.0
12.0
12.0
18.0
18.0
18.0
18.0
18.0
18.0
3.0
3.0
3.0
3.0
3.0
3.0
3.0
3.0
3.0
3.0
21.0
21.0
21.0
21.0
21.0
21.0
21.0
21.0
21.0
21.0
12.0
12.0
12.0
13.0
13.0
6.0
6.0
6.0
6.0
6.0
14.0
14.0
14.0
14.0
14.0
14.0
14.0
14.0
14.0
14.0
38.0
38.0
38.0
43.0
43.0
43.0
43.0
43.0
43.0
43.0
27.0
27.0
27.0
27.0
27.0
31.0
31.0
31.0
31.0
31.0
36.0
36.0
36.0
36.0
36.0
36.0
36.0
36.0
36.0
18.0
26.0
26.0
35.0
35.0
35.0
38.0
38.0
38.0
38.0
38.0
22.0
22.0
22.0
22.0
22.0
22.0
22.0
22.0
22.0
22.0
2.0
2.0
2.0
2.0
2.0
2.0
2.0
2.0
2.0
2.0
18.0
18.0
18.0
18.0
18.0
19.0
21.0
21.0
21.0
21.0
5.0
5.0
5.0
5.0
5.0
5.0
6.0
6.0
6.0
6.0
8.0
8.0
8.0
8.0
8.0
8.0
8.0
8.0
8.0
8.0
26.0
26.0
26.0
26.0
26.0
26.0
26.0
26.0
26.0
26.0
27.0
27.0
31.0
31.0
31.0
31.0
31.0
31.0
31.0
31.0
31.0
31.0
31.0
31.0
31.0
31.0
31.0
31.0
31.0
31.0
12.0
12.0
12.0
12.0
12.0
12.0
19.0
19.0
19.0
19.0
6.0
6.0
7.0
7.0
7.0
7.0
7.0
7.0
7.0
7.0
31.0
31.0
31.0
31.0
12.0
12.0
12.0
12.0
12.0
12.0
13.0
13.0
13.0
13.0
13.0
13.0
13.0
13.0
13.0
13.0
33.0
33.0
33.0
33.0
37.0
37.0
37.0
37.0
37.0
37.0
12.0
12.0
12.0
12.0
12.0
2.0
2.0
2.0
2.0
2.0
6.0
6.0
6.0
6.0
6.0
5.0
5.0
5.0
5.0
5.0
3.0
3.0
3.0
3.0
3.0
2.0
2.0
2.0
1.0
1.0
8.0
8.0
8.0
3.0
3.0
2.0
2.0
2.0
2.0
1.0
35.0
35.0
35.0
35.0
35.0
35.0
35.0
35.0
35.0
35.0
5.0
5.0
6.0
6.0
6.0
6.0
6.0
6.0
6.0
6.0
17.0
17.0
17.0
17.0
17.0
17.0
17.0
17.0
17.0
17.0
19.0
20.0
20.0
20.0
20.0
20.0
20.0
20.0
20.0
20.0
11.0
11.0
11.0
13.0
13.0
16.0
16.0
16.0
16.0
16.0
9.0
9.0
9.0
9.0
9.0
9.0
9.0
9.0
9.0
9.0
24.0
24.0
24.0
24.0
24.0
24.0
24.0
26.0
28.0
30.0
43.0
43.0
43.0
43.0
43.0
43.0
43.0
43.0
43.0
43.0
11.0
11.0
11.0
11.0
11.0
11.0
11.0
11.0
11.0
11.0
39.0
41.0
41.0
41.0
41.0
41.0
41.0
41.0
41.0
41.0
7.0
8.0
8.0
8.0
8.0
8.0
8.0
8.0
10.0
10.0
16.0
16.0
16.0
16.0
8.0
8.0
8.0
8.0
5.0
5.0
12.0
12.0
12.0
12.0
12.0
14.0
14.0
14.0
14.0
14.0
28.0
28.0
28.0
28.0
18.0
18.0
18.0
18.0
18.0
18.0
13.0
13.0
13.0
13.0
13.0
13.0
13.0
13.0
13.0
13.0
28.0
28.0
28.0
28.0
28.0
28.0
13.0
13.0
14.0
14.0
9.0
9.0
9.0
11.0
11.0
11.0
11.0
11.0
11.0
11.0
10.0
10.0
11.0
13.0
13.0
13.0
13.0
13.0
13.0
14.0
2.0
2.0
2.0
2.0
2.0
2.0
2.0
2.0
2.0
2.0
12.0
12.0
12.0
4.0
4.0
4.0
4.0
4.0
4.0
4.0
21.0
21.0
21.0
21.0
21.0
21.0
21.0
21.0
21.0
21.0
4.0
4.0
4.0
4.0
4.0
4.0
4.0
4.0
4.0
4.0
12.0
12.0
12.0
12.0
12.0
12.0
12.0
12.0
12.0
12.0
21.0
21.0
21.0
24.0
24.0
24.0
24.0
24.0
24.0
24.0
36.0
36.0
36.0
38.0
38.0
38.0
38.0
38.0
38.0
49.0
17.0
17.0
17.0
17.0
17.0
17.0
17.0
17.0
5.0
5.0
20.0
22.0
22.0
22.0
22.0
22.0
22.0
23.0
23.0
23.0
11.0
11.0
12.0
12.0
12.0
12.0
12.0
12.0
12.0
12.0
17.0
19.0
19.0
19.0
19.0
19.0
19.0
19.0
19.0
19.0
31.0
31.0
31.0
31.0
31.0
31.0
31.0
31.0
31.0
42.0
6.0
6.0
6.0
6.0
6.0
6.0
3.0
3.0
3.0
3.0
53.0
53.0
53.0
53.0
53.0
53.0
53.0
53.0
53.0
53.0
