WIN FINALE DIS
2.0
2.0
2.0
1.0
1.0
1.0
1.0
1.0
1.0
1.0
15.0
15.0
15.0
7.0
7.0
7.0
7.0
7.0
8.0
8.0
35.0
35.0
35.0
35.0
35.0
35.0
35.0
35.0
35.0
35.0
29.0
29.0
29.0
29.0
11.0
11.0
11.0
11.0
11.0
11.0
13.0
13.0
13.0
13.0
13.0
13.0
13.0
13.0
13.0
13.0
26.0
26.0
26.0
26.0
26.0
26.0
26.0
26.0
26.0
26.0
23.0
23.0
23.0
23.0
23.0
26.0
26.0
28.0
28.0
28.0
27.0
37.0
37.0
37.0
37.0
43.0
43.0
43.0
43.0
43.0
2.0
2.0
2.0
2.0
2.0
2.0
2.0
2.0
2.0
2.0
26.0
26.0
26.0
26.0
26.0
26.0
17.0
17.0
17.0
17.0
28.0
28.0
28.0
28.0
28.0
28.0
28.0
28.0
20.0
20.0
51.0
51.0
57.0
64.0
64.0
64.0
64.0
64.0
64.0
64.0
39.0
44.0
44.0
45.0
45.0
45.0
45.0
45.0
45.0
45.0
22.0
22.0
22.0
22.0
22.0
22.0
22.0
22.0
22.0
22.0
2.0
2.0
2.0
2.0
2.0
2.0
2.0
2.0
2.0
2.0
23.0
23.0
23.0
23.0
23.0
23.0
23.0
23.0
25.0
19.0
3.0
3.0
3.0
3.0
3.0
3.0
3.0
3.0
3.0
3.0
20.0
21.0
21.0
21.0
21.0
21.0
21.0
21.0
21.0
21.0
19.0
19.0
19.0
19.0
19.0
19.0
19.0
19.0
21.0
21.0
8.0
8.0
8.0
8.0
8.0
8.0
8.0
8.0
8.0
8.0
5.0
5.0
5.0
7.0
7.0
8.0
8.0
8.0
10.0
10.0
11.0
11.0
11.0
11.0
11.0
11.0
11.0
11.0
11.0
11.0
1.0
1.0
1.0
1.0
1.0
1.0
1.0
1.0
2.0
2.0
32.0
32.0
32.0
32.0
32.0
32.0
32.0
32.0
32.0
35.0
7.0
7.0
9.0
9.0
9.0
9.0
9.0
10.0
10.0
10.0
19.0
19.0
19.0
19.0
19.0
19.0
19.0
19.0
19.0
19.0
20.0
20.0
20.0
20.0
20.0
20.0
20.0
20.0
20.0
12.0
60.0
60.0
60.0
60.0
60.0
60.0
60.0
60.0
60.0
60.0
29.0
29.0
29.0
29.0
29.0
29.0
29.0
29.0
29.0
29.0
9.0
9.0
9.0
9.0
9.0
9.0
9.0
9.0
9.0
9.0
4.0
1.0
1.0
1.0
1.0
1.0
1.0
1.0
1.0
1.0
2.0
2.0
3.0
3.0
4.0
4.0
4.0
4.0
4.0
4.0
47.0
47.0
47.0
47.0
47.0
47.0
50.0
50.0
50.0
50.0
29.0
29.0
29.0
29.0
29.0
31.0
33.0
33.0
43.0
43.0
1.0
1.0
1.0
1.0
1.0
2.0
1.0
1.0
1.0
1.0
2.0
3.0
3.0
3.0
3.0
3.0
3.0
3.0
1.0
1.0
11.0
11.0
11.0
11.0
11.0
11.0
11.0
11.0
11.0
11.0
18.0
18.0
18.0
18.0
18.0
18.0
18.0
25.0
25.0
25.0
1.0
1.0
1.0
1.0
1.0
1.0
1.0
1.0
1.0
1.0
8.0
8.0
8.0
8.0
8.0
8.0
9.0
9.0
12.0
12.0
38.0
38.0
38.0
38.0
38.0
38.0
38.0
38.0
38.0
38.0
43.0
43.0
43.0
43.0
43.0
43.0
43.0
43.0
43.0
45.0
6.0
6.0
6.0
5.0
5.0
6.0
4.0
4.0
2.0
2.0
14.0
14.0
16.0
16.0
16.0
16.0
16.0
16.0
16.0
16.0
10.0
10.0
10.0
10.0
10.0
10.0
10.0
10.0
10.0
12.0
13.0
13.0
13.0
13.0
13.0
13.0
13.0
13.0
13.0
13.0
1.0
1.0
1.0
1.0
2.0
1.0
1.0
1.0
1.0
1.0
36.0
36.0
36.0
44.0
44.0
44.0
44.0
45.0
45.0
45.0
2.0
2.0
2.0
2.0
2.0
2.0
2.0
2.0
2.0
2.0
39.0
39.0
46.0
46.0
46.0
46.0
46.0
46.0
48.0
48.0
27.0
27.0
27.0
16.0
16.0
16.0
16.0
16.0
16.0
16.0
41.0
41.0
41.0
41.0
28.0
34.0
34.0
34.0
22.0
22.0
20.0
20.0
20.0
20.0
20.0
20.0
20.0
20.0
20.0
20.0
10.0
10.0
10.0
5.0
5.0
5.0
5.0
5.0
1.0
1.0
23.0
23.0
23.0
23.0
10.0
11.0
11.0
11.0
11.0
11.0
35.0
35.0
35.0
35.0
35.0
35.0
35.0
35.0
35.0
35.0
31.0
31.0
31.0
13.0
14.0
14.0
14.0
15.0
15.0
16.0
17.0
17.0
17.0
17.0
17.0
17.0
20.0
20.0
20.0
20.0
29.0
29.0
40.0
40.0
40.0
40.0
40.0
40.0
40.0
40.0
49.0
49.0
49.0
73.0
73.0
73.0
73.0
73.0
73.0
73.0
19.0
19.0
19.0
19.0
19.0
19.0
19.0
22.0
22.0
22.0
21.0
21.0
21.0
21.0
21.0
21.0
21.0
21.0
21.0
21.0
6.0
6.0
6.0
6.0
6.0
6.0
6.0
7.0
7.0
7.0
12.0
12.0
12.0
12.0
12.0
17.0
7.0
4.0
4.0
4.0
11.0
11.0
11.0
16.0
16.0
16.0
16.0
16.0
16.0
6.0
6.0
6.0
6.0
6.0
8.0
8.0
11.0
11.0
11.0
12.0
21.0
21.0
21.0
21.0
21.0
21.0
21.0
21.0
21.0
21.0
8.0
8.0
8.0
8.0
8.0
8.0
8.0
8.0
8.0
8.0
7.0
7.0
3.0
4.0
4.0
4.0
4.0
4.0
4.0
4.0
10.0
10.0
10.0
10.0
10.0
10.0
10.0
10.0
10.0
10.0
24.0
24.0
24.0
30.0
40.0
40.0
40.0
53.0
53.0
53.0
7.0
7.0
7.0
8.0
8.0
8.0
8.0
8.0
8.0
8.0
20.0
21.0
21.0
21.0
21.0
21.0
21.0
21.0
21.0
21.0
2.0
2.0
2.0
2.0
2.0
2.0
2.0
2.0
2.0
2.0
1.0
1.0
1.0
1.0
1.0
2.0
2.0
2.0
2.0
1.0
26.0
26.0
26.0
26.0
17.0
18.0
18.0
18.0
18.0
18.0
19.0
22.0
22.0
22.0
22.0
22.0
22.0
22.0
22.0
22.0
24.0
24.0
24.0
24.0
24.0
24.0
24.0
24.0
24.0
29.0
18.0
18.0
18.0
18.0
19.0
19.0
19.0
19.0
19.0
19.0
17.0
17.0
19.0
19.0
19.0
19.0
19.0
19.0
19.0
19.0
63.0
63.0
63.0
63.0
63.0
63.0
63.0
63.0
63.0
63.0
9.0
9.0
9.0
9.0
9.0
9.0
9.0
9.0
9.0
9.0
16.0
16.0
16.0
19.0
19.0
19.0
19.0
19.0
23.0
23.0
16.0
17.0
17.0
17.0
3.0
3.0
3.0
3.0
3.0
3.0
46.0
46.0
46.0
46.0
46.0
46.0
46.0
51.0
51.0
51.0
1.0
1.0
1.0
1.0
1.0
1.0
2.0
2.0
2.0
2.0
15.0
15.0
15.0
15.0
15.0
15.0
15.0
15.0
15.0
15.0
2.0
2.0
2.0
2.0
2.0
1.0
1.0
1.0
2.0
2.0
7.0
4.0
4.0
4.0
4.0
2.0
2.0
2.0
2.0
2.0
11.0
11.0
11.0
11.0
11.0
11.0
11.0
11.0
11.0
11.0
41.0
48.0
48.0
48.0
48.0
48.0
16.0
16.0
16.0
17.0
28.0
28.0
28.0
28.0
28.0
28.0
28.0
28.0
28.0
28.0
24.0
24.0
24.0
24.0
24.0
24.0
32.0
32.0
32.0
32.0
24.0
29.0
29.0
29.0
29.0
29.0
29.0
29.0
29.0
29.0
2.0
2.0
2.0
2.0
2.0
2.0
2.0
2.0
2.0
2.0
9.0
9.0
9.0
9.0
9.0
9.0
9.0
9.0
9.0
9.0
11.0
15.0
15.0
15.0
16.0
16.0
16.0
19.0
19.0
19.0
1.0
1.0
1.0
1.0
1.0
1.0
1.0
1.0
1.0
1.0
9.0
9.0
9.0
9.0
9.0
9.0
9.0
9.0
9.0
9.0
13.0
14.0
14.0
14.0
14.0
14.0
14.0
14.0
14.0
14.0
71.0
71.0
71.0
74.0
74.0
74.0
74.0
74.0
74.0
74.0
47.0
47.0
47.0
56.0
56.0
61.0
68.0
80.0
80.0
80.0
8.0
8.0
8.0
8.0
8.0
8.0
10.0
10.0
11.0
11.0
10.0
10.0
10.0
10.0
10.0
10.0
10.0
10.0
10.0
10.0
17.0
20.0
20.0
20.0
20.0
20.0
20.0
20.0
20.0
25.0
22.0
7.0
7.0
7.0
7.0
7.0
7.0
7.0
7.0
7.0
6.0
6.0
6.0
6.0
6.0
6.0
6.0
6.0
6.0
6.0
14.0
14.0
14.0
14.0
15.0
15.0
15.0
15.0
15.0
15.0
37.0
45.0
45.0
45.0
45.0
45.0
51.0
51.0
51.0
51.0
1.0
2.0
2.0
2.0
2.0
2.0
2.0
2.0
2.0
2.0
10.0
10.0
10.0
10.0
10.0
4.0
4.0
4.0
4.0
5.0
29.0
8.0
9.0
9.0
9.0
9.0
9.0
9.0
9.0
9.0
10.0
10.0
10.0
10.0
10.0
10.0
10.0
10.0
10.0
10.0
18.0
20.0
20.0
20.0
20.0
20.0
20.0
20.0
21.0
21.0
17.0
17.0
17.0
17.0
20.0
20.0
22.0
22.0
22.0
26.0
43.0
43.0
43.0
43.0
43.0
43.0
43.0
43.0
43.0
43.0
16.0
16.0
16.0
16.0
16.0
16.0
16.0
16.0
16.0
6.0
17.0
17.0
17.0
22.0
22.0
22.0
22.0
22.0
22.0
22.0
27.0
27.0
27.0
27.0
27.0
27.0
27.0
27.0
27.0
27.0
2.0
2.0
2.0
2.0
2.0
2.0
2.0
3.0
3.0
3.0
5.0
5.0
5.0
5.0
5.0
5.0
5.0
5.0
5.0
5.0
11.0
11.0
11.0
11.0
11.0
11.0
11.0
11.0
11.0
11.0
33.0
33.0
33.0
33.0
33.0
33.0
33.0
33.0
33.0
33.0
32.0
32.0
32.0
32.0
32.0
32.0
32.0
32.0
32.0
32.0
35.0
35.0
35.0
35.0
35.0
35.0
35.0
35.0
35.0
35.0
16.0
16.0
16.0
16.0
16.0
16.0
16.0
16.0
16.0
16.0
2.0
2.0
2.0
2.0
1.0
2.0
2.0
2.0
2.0
2.0
1.0
1.0
2.0
2.0
2.0
2.0
2.0
2.0
1.0
1.0
1.0
1.0
2.0
2.0
2.0
2.0
3.0
2.0
2.0
2.0
36.0
41.0
41.0
41.0
41.0
41.0
41.0
41.0
41.0
41.0
28.0
28.0
28.0
28.0
28.0
28.0
28.0
28.0
28.0
28.0
13.0
13.0
13.0
16.0
16.0
16.0
16.0
16.0
16.0
12.0
26.0
26.0
37.0
37.0
37.0
37.0
37.0
37.0
37.0
51.0
18.0
19.0
19.0
20.0
20.0
20.0
20.0
20.0
25.0
29.0
6.0
6.0
6.0
6.0
6.0
6.0
6.0
6.0
6.0
6.0
20.0
20.0
20.0
20.0
20.0
20.0
20.0
20.0
20.0
20.0
8.0
8.0
8.0
8.0
8.0
8.0
8.0
8.0
8.0
9.0
1.0
1.0
1.0
1.0
1.0
1.0
1.0
1.0
1.0
1.0
5.0
5.0
3.0
3.0
3.0
3.0
2.0
1.0
1.0
1.0
16.0
16.0
16.0
16.0
16.0
16.0
16.0
16.0
16.0
16.0
18.0
18.0
18.0
18.0
18.0
18.0
8.0
8.0
8.0
8.0
13.0
13.0
13.0
13.0
13.0
13.0
13.0
13.0
13.0
13.0
23.0
24.0
24.0
24.0
24.0
24.0
24.0
24.0
17.0
17.0
34.0
34.0
34.0
34.0
34.0
34.0
34.0
34.0
34.0
34.0
18.0
22.0
22.0
22.0
24.0
24.0
24.0
24.0
24.0
24.0
27.0
27.0
27.0
27.0
27.0
31.0
31.0
31.0
31.0
33.0
1.0
1.0
1.0
1.0
1.0
1.0
1.0
1.0
1.0
1.0
12.0
12.0
12.0
12.0
12.0
12.0
12.0
12.0
12.0
13.0
16.0
16.0
16.0
16.0
16.0
16.0
16.0
16.0
16.0
16.0
20.0
20.0
5.0
5.0
5.0
5.0
2.0
2.0
2.0
2.0
4.0
5.0
5.0
5.0
6.0
6.0
6.0
6.0
6.0
5.0
11.0
11.0
11.0
11.0
11.0
11.0
15.0
15.0
15.0
15.0
8.0
8.0
8.0
8.0
8.0
8.0
8.0
9.0
9.0
9.0
3.0
3.0
3.0
3.0
3.0
4.0
4.0
4.0
4.0
4.0
59.0
59.0
66.0
66.0
66.0
66.0
66.0
66.0
66.0
66.0
44.0
44.0
53.0
58.0
58.0
58.0
58.0
61.0
61.0
61.0
38.0
38.0
47.0
47.0
47.0
47.0
47.0
70.0
70.0
70.0
2.0
2.0
2.0
2.0
2.0
3.0
3.0
1.0
1.0
1.0
33.0
33.0
33.0
33.0
34.0
34.0
34.0
34.0
34.0
43.0
12.0
12.0
12.0
12.0
12.0
12.0
12.0
12.0
14.0
14.0
23.0
23.0
23.0
23.0
23.0
23.0
24.0
24.0
24.0
24.0
35.0
35.0
35.0
35.0
35.0
35.0
35.0
35.0
35.0
35.0
2.0
2.0
2.0
3.0
4.0
4.0
5.0
5.0
2.0
2.0
63.0
63.0
63.0
63.0
63.0
63.0
63.0
63.0
63.0
63.0
9.0
9.0
9.0
9.0
9.0
9.0
9.0
9.0
9.0
9.0
30.0
30.0
30.0
30.0
30.0
37.0
37.0
37.0
37.0
37.0
8.0
8.0
8.0
8.0
8.0
8.0
8.0
8.0
8.0
8.0
42.0
42.0
24.0
24.0
24.0
24.0
24.0
24.0
25.0
25.0
19.0
19.0
19.0
19.0
19.0
19.0
19.0
19.0
19.0
9.0
25.0
25.0
25.0
25.0
25.0
26.0
26.0
26.0
26.0
26.0
9.0
10.0
13.0
13.0
13.0
13.0
13.0
13.0
13.0
13.0
10.0
10.0
10.0
12.0
12.0
12.0
12.0
12.0
14.0
14.0
25.0
25.0
25.0
26.0
29.0
29.0
29.0
29.0
35.0
35.0
4.0
4.0
4.0
4.0
4.0
4.0
4.0
5.0
5.0
5.0
33.0
33.0
33.0
33.0
33.0
33.0
36.0
36.0
37.0
37.0
35.0
35.0
35.0
35.0
35.0
23.0
25.0
25.0
25.0
25.0
4.0
4.0
4.0
4.0
2.0
2.0
2.0
2.0
2.0
2.0
1.0
1.0
1.0
2.0
2.0
2.0
1.0
1.0
1.0
1.0
15.0
16.0
16.0
16.0
16.0
16.0
16.0
16.0
16.0
10.0
2.0
2.0
2.0
2.0
2.0
2.0
2.0
2.0
2.0
2.0
16.0
16.0
16.0
16.0
16.0
16.0
16.0
16.0
16.0
16.0
12.0
12.0
12.0
12.0
12.0
13.0
13.0
13.0
13.0
13.0
3.0
3.0
3.0
3.0
3.0
3.0
3.0
3.0
4.0
4.0
31.0
31.0
31.0
31.0
31.0
31.0
31.0
31.0
31.0
31.0
20.0
20.0
20.0
20.0
20.0
20.0
20.0
20.0
20.0
20.0
3.0
3.0
3.0
3.0
3.0
3.0
3.0
3.0
3.0
3.0
11.0
11.0
11.0
11.0
11.0
11.0
11.0
11.0
11.0
5.0
28.0
28.0
28.0
28.0
28.0
35.0
39.0
39.0
39.0
39.0
7.0
8.0
8.0
8.0
8.0
9.0
9.0
9.0
9.0
9.0
15.0
15.0
15.0
15.0
15.0
15.0
20.0
20.0
20.0
20.0
6.0
8.0
8.0
8.0
8.0
9.0
9.0
9.0
9.0
9.0
10.0
10.0
10.0
10.0
10.0
10.0
10.0
10.0
11.0
11.0
34.0
34.0
34.0
34.0
45.0
45.0
45.0
55.0
55.0
55.0
28.0
28.0
28.0
28.0
28.0
28.0
28.0
30.0
30.0
30.0
5.0
5.0
5.0
5.0
5.0
5.0
5.0
5.0
5.0
5.0
19.0
19.0
19.0
19.0
19.0
19.0
19.0
19.0
19.0
19.0
19.0
19.0
19.0
19.0
19.0
19.0
19.0
19.0
19.0
19.0
14.0
14.0
14.0
14.0
14.0
14.0
15.0
15.0
15.0
15.0
21.0
21.0
24.0
24.0
24.0
24.0
24.0
24.0
26.0
26.0
5.0
5.0
4.0
4.0
4.0
4.0
4.0
4.0
4.0
4.0
26.0
26.0
26.0
26.0
26.0
26.0
26.0
26.0
26.0
26.0
33.0
33.0
33.0
33.0
33.0
33.0
33.0
33.0
33.0
33.0
2.0
2.0
3.0
3.0
4.0
4.0
4.0
4.0
4.0
5.0
25.0
25.0
25.0
25.0
25.0
27.0
27.0
27.0
27.0
27.0
5.0
5.0
5.0
5.0
5.0
5.0
5.0
5.0
5.0
6.0
31.0
31.0
31.0
31.0
31.0
31.0
31.0
31.0
31.0
31.0
32.0
32.0
32.0
32.0
32.0
32.0
7.0
7.0
7.0
7.0
42.0
42.0
42.0
42.0
42.0
42.0
42.0
42.0
42.0
42.0
24.0
24.0
24.0
24.0
24.0
24.0
24.0
25.0
30.0
30.0
47.0
47.0
47.0
47.0
47.0
47.0
61.0
61.0
61.0
61.0
39.0
40.0
40.0
40.0
40.0
40.0
18.0
18.0
18.0
19.0
15.0
15.0
15.0
15.0
21.0
21.0
21.0
21.0
21.0
21.0
12.0
12.0
12.0
12.0
12.0
12.0
12.0
12.0
12.0
14.0
34.0
34.0
34.0
34.0
34.0
34.0
19.0
19.0
19.0
19.0
16.0
16.0
16.0
16.0
16.0
16.0
16.0
16.0
16.0
16.0
15.0
15.0
15.0
15.0
20.0
20.0
22.0
12.0
12.0
12.0
18.0
18.0
22.0
22.0
22.0
22.0
22.0
22.0
22.0
14.0
33.0
33.0
33.0
33.0
34.0
34.0
34.0
34.0
34.0
34.0
25.0
25.0
25.0
25.0
25.0
25.0
25.0
25.0
25.0
25.0
36.0
36.0
40.0
40.0
42.0
42.0
42.0
42.0
42.0
42.0
14.0
14.0
14.0
14.0
14.0
14.0
14.0
14.0
14.0
14.0
22.0
22.0
22.0
22.0
22.0
22.0
22.0
22.0
22.0
22.0
17.0
17.0
17.0
17.0
17.0
17.0
17.0
17.0
18.0
18.0
7.0
7.0
7.0
8.0
8.0
8.0
8.0
8.0
5.0
7.0
15.0
15.0
15.0
15.0
3.0
3.0
3.0
3.0
3.0
4.0
9.0
9.0
9.0
9.0
9.0
9.0
9.0
9.0
9.0
9.0
18.0
18.0
18.0
18.0
18.0
18.0
18.0
18.0
18.0
18.0
14.0
7.0
7.0
7.0
7.0
7.0
7.0
7.0
7.0
7.0
4.0
5.0
5.0
5.0
5.0
5.0
5.0
5.0
5.0
5.0
16.0
16.0
16.0
16.0
16.0
16.0
16.0
17.0
18.0
18.0
25.0
25.0
25.0
25.0
25.0
25.0
25.0
25.0
25.0
25.0
39.0
42.0
42.0
42.0
44.0
50.0
50.0
61.0
25.0
25.0
5.0
5.0
5.0
5.0
5.0
5.0
5.0
5.0
5.0
5.0
2.0
2.0
2.0
2.0
2.0
2.0
2.0
2.0
2.0
2.0
62.0
62.0
62.0
62.0
62.0
62.0
62.0
62.0
62.0
62.0
15.0
15.0
15.0
15.0
15.0
15.0
15.0
15.0
15.0
15.0
6.0
6.0
6.0
6.0
6.0
6.0
6.0
6.0
6.0
6.0
8.0
8.0
8.0
8.0
8.0
8.0
8.0
10.0
10.0
10.0
47.0
47.0
47.0
47.0
47.0
47.0
47.0
47.0
47.0
47.0
20.0
20.0
20.0
20.0
20.0
20.0
20.0
22.0
22.0
22.0
31.0
31.0
42.0
42.0
42.0
42.0
42.0
42.0
42.0
42.0
16.0
16.0
16.0
19.0
19.0
19.0
19.0
19.0
19.0
20.0
25.0
25.0
25.0
19.0
19.0
19.0
19.0
19.0
19.0
19.0
6.0
6.0
6.0
6.0
6.0
6.0
6.0
6.0
6.0
6.0
11.0
11.0
11.0
11.0
11.0
11.0
11.0
11.0
11.0
11.0
24.0
24.0
32.0
43.0
10.0
10.0
10.0
10.0
10.0
10.0
11.0
11.0
11.0
11.0
11.0
11.0
13.0
13.0
13.0
13.0
2.0
2.0
2.0
2.0
2.0
1.0
1.0
2.0
2.0
2.0
23.0
23.0
23.0
23.0
23.0
23.0
23.0
23.0
23.0
23.0
37.0
37.0
37.0
37.0
37.0
37.0
37.0
37.0
37.0
37.0
7.0
7.0
7.0
7.0
7.0
7.0
7.0
8.0
10.0
10.0
8.0
8.0
8.0
8.0
8.0
8.0
8.0
8.0
8.0
8.0
36.0
36.0
36.0
36.0
36.0
36.0
36.0
36.0
36.0
36.0
18.0
20.0
20.0
20.0
20.0
13.0
14.0
14.0
17.0
17.0
50.0
50.0
50.0
20.0
23.0
23.0
23.0
23.0
23.0
10.0
25.0
25.0
25.0
25.0
25.0
25.0
25.0
25.0
25.0
25.0
20.0
20.0
17.0
17.0
17.0
17.0
17.0
17.0
17.0
17.0
26.0
26.0
26.0
26.0
26.0
26.0
26.0
32.0
32.0
32.0
5.0
5.0
5.0
3.0
3.0
1.0
1.0
1.0
1.0
2.0
3.0
3.0
4.0
4.0
1.0
1.0
1.0
1.0
1.0
1.0
7.0
7.0
7.0
8.0
8.0
8.0
8.0
8.0
8.0
8.0
6.0
6.0
6.0
6.0
6.0
6.0
6.0
7.0
8.0
9.0
14.0
14.0
14.0
14.0
14.0
14.0
14.0
15.0
15.0
15.0
17.0
17.0
17.0
17.0
17.0
17.0
17.0
17.0
17.0
17.0
15.0
15.0
15.0
15.0
15.0
15.0
15.0
15.0
15.0
15.0
16.0
16.0
16.0
16.0
16.0
16.0
19.0
19.0
19.0
19.0
14.0
14.0
18.0
18.0
18.0
18.0
19.0
19.0
22.0
22.0
36.0
36.0
36.0
36.0
36.0
36.0
36.0
36.0
36.0
36.0
33.0
33.0
33.0
33.0
33.0
33.0
33.0
33.0
33.0
33.0
7.0
7.0
7.0
7.0
7.0
7.0
7.0
7.0
7.0
7.0
28.0
28.0
28.0
28.0
28.0
28.0
32.0
32.0
32.0
32.0
40.0
40.0
40.0
40.0
40.0
40.0
40.0
40.0
40.0
40.0
7.0
7.0
7.0
7.0
7.0
7.0
7.0
7.0
7.0
7.0
6.0
6.0
6.0
6.0
6.0
7.0
7.0
3.0
3.0
3.0
31.0
31.0
31.0
31.0
32.0
32.0
32.0
32.0
32.0
32.0
14.0
14.0
14.0
14.0
14.0
14.0
14.0
14.0
14.0
20.0
1.0
1.0
1.0
1.0
1.0
1.0
1.0
1.0
1.0
1.0
33.0
33.0
33.0
33.0
33.0
33.0
33.0
33.0
33.0
33.0
17.0
17.0
17.0
17.0
17.0
17.0
17.0
18.0
18.0
18.0
57.0
57.0
57.0
57.0
57.0
57.0
57.0
57.0
57.0
57.0
22.0
22.0
22.0
22.0
22.0
22.0
22.0
22.0
22.0
22.0
13.0
13.0
13.0
13.0
13.0
17.0
17.0
17.0
17.0
17.0
6.0
6.0
6.0
6.0
6.0
6.0
7.0
7.0
7.0
7.0
4.0
4.0
4.0
4.0
4.0
4.0
5.0
5.0
5.0
5.0
3.0
3.0
3.0
3.0
3.0
3.0
3.0
3.0
3.0
3.0
37.0
37.0
37.0
37.0
37.0
37.0
37.0
37.0
37.0
37.0
3.0
3.0
3.0
3.0
3.0
3.0
3.0
3.0
3.0
3.0
35.0
35.0
35.0
35.0
35.0
35.0
35.0
35.0
35.0
35.0
24.0
24.0
24.0
24.0
24.0
24.0
28.0
28.0
28.0
28.0
24.0
24.0
24.0
24.0
24.0
27.0
27.0
27.0
27.0
27.0
25.0
25.0
25.0
25.0
25.0
25.0
25.0
25.0
25.0
25.0
39.0
39.0
39.0
39.0
39.0
39.0
39.0
39.0
39.0
39.0
26.0
26.0
26.0
26.0
26.0
26.0
32.0
32.0
32.0
32.0
25.0
25.0
25.0
25.0
25.0
25.0
25.0
25.0
27.0
27.0
26.0
28.0
28.0
28.0
28.0
28.0
28.0
19.0
19.0
19.0
23.0
23.0
23.0
26.0
26.0
26.0
26.0
26.0
26.0
26.0
38.0
38.0
38.0
38.0
38.0
38.0
38.0
38.0
38.0
38.0
3.0
3.0
3.0
3.0
3.0
3.0
3.0
3.0
3.0
3.0
2.0
2.0
2.0
2.0
2.0
2.0
2.0
3.0
3.0
3.0
21.0
21.0
21.0
21.0
21.0
21.0
26.0
26.0
26.0
26.0
2.0
2.0
2.0
2.0
2.0
2.0
2.0
2.0
1.0
1.0
27.0
27.0
27.0
27.0
27.0
28.0
28.0
28.0
28.0
28.0
39.0
39.0
39.0
39.0
39.0
25.0
25.0
25.0
25.0
21.0
42.0
42.0
42.0
5.0
5.0
5.0
5.0
5.0
5.0
5.0
9.0
9.0
9.0
9.0
9.0
9.0
4.0
4.0
4.0
4.0
44.0
44.0
44.0
44.0
44.0
44.0
44.0
44.0
44.0
44.0
32.0
32.0
32.0
38.0
38.0
38.0
42.0
42.0
42.0
42.0
38.0
38.0
8.0
8.0
8.0
9.0
9.0
9.0
9.0
9.0
36.0
36.0
36.0
45.0
45.0
45.0
56.0
56.0
56.0
56.0
12.0
12.0
5.0
5.0
7.0
7.0
7.0
7.0
7.0
7.0
32.0
32.0
32.0
32.0
32.0
32.0
32.0
32.0
32.0
32.0
2.0
2.0
2.0
1.0
1.0
1.0
2.0
2.0
2.0
2.0
53.0
53.0
53.0
29.0
29.0
29.0
29.0
34.0
34.0
34.0
16.0
16.0
16.0
16.0
13.0
13.0
13.0
13.0
15.0
15.0
24.0
24.0
24.0
28.0
28.0
31.0
31.0
31.0
31.0
31.0
4.0
4.0
4.0
4.0
4.0
4.0
4.0
4.0
4.0
4.0
82.0
82.0
82.0
82.0
82.0
98.0
98.0
98.0
98.0
98.0
23.0
23.0
23.0
23.0
23.0
24.0
24.0
24.0
24.0
24.0
8.0
8.0
8.0
9.0
9.0
9.0
11.0
12.0
12.0
12.0
38.0
38.0
38.0
38.0
38.0
38.0
38.0
39.0
39.0
39.0
30.0
30.0
30.0
31.0
16.0
16.0
16.0
16.0
16.0
16.0
36.0
36.0
36.0
36.0
36.0
36.0
36.0
39.0
39.0
39.0
3.0
3.0
2.0
2.0
2.0
2.0
3.0
3.0
3.0
4.0
24.0
24.0
27.0
27.0
27.0
15.0
9.0
9.0
9.0
9.0
43.0
43.0
43.0
43.0
43.0
43.0
49.0
49.0
49.0
57.0
39.0
39.0
39.0
39.0
39.0
39.0
39.0
44.0
44.0
44.0
38.0
38.0
38.0
38.0
38.0
38.0
38.0
46.0
51.0
51.0
22.0
22.0
22.0
22.0
24.0
29.0
29.0
29.0
29.0
29.0
46.0
46.0
46.0
46.0
46.0
46.0
46.0
46.0
46.0
46.0
3.0
3.0
1.0
1.0
1.0
1.0
1.0
1.0
1.0
1.0
20.0
27.0
27.0
27.0
27.0
27.0
27.0
27.0
27.0
27.0
27.0
27.0
27.0
27.0
27.0
27.0
27.0
34.0
34.0
34.0
1.0
1.0
1.0
1.0
2.0
2.0
2.0
2.0
2.0
2.0
9.0
10.0
10.0
10.0
10.0
10.0
10.0
10.0
12.0
12.0
12.0
12.0
12.0
12.0
12.0
12.0
12.0
12.0
12.0
12.0
31.0
31.0
31.0
31.0
18.0
18.0
18.0
18.0
18.0
18.0
37.0
37.0
37.0
37.0
37.0
37.0
37.0
37.0
37.0
37.0
24.0
24.0
24.0
24.0
24.0
24.0
24.0
24.0
24.0
24.0
22.0
22.0
22.0
22.0
22.0
22.0
22.0
22.0
25.0
25.0
1.0
1.0
1.0
1.0
1.0
1.0
1.0
1.0
1.0
1.0
6.0
7.0
7.0
7.0
7.0
7.0
7.0
4.0
4.0
5.0
59.0
59.0
59.0
59.0
59.0
59.0
59.0
59.0
59.0
59.0
48.0
48.0
48.0
48.0
48.0
48.0
48.0
48.0
48.0
48.0
7.0
7.0
7.0
7.0
7.0
7.0
7.0
7.0
7.0
7.0
15.0
15.0
15.0
15.0
15.0
15.0
15.0
22.0
22.0
22.0
11.0
11.0
11.0
11.0
11.0
12.0
12.0
12.0
12.0
13.0
6.0
6.0
1.0
1.0
1.0
1.0
1.0
1.0
1.0
1.0
14.0
14.0
14.0
14.0
14.0
7.0
7.0
9.0
9.0
9.0
15.0
15.0
15.0
7.0
7.0
7.0
7.0
7.0
7.0
7.0
55.0
55.0
55.0
55.0
75.0
85.0
85.0
85.0
32.0
32.0
