WIN FINALE DIS
9.0
9.0
9.0
9.0
9.0
9.0
9.0
9.0
9.0
9.0
21.0
21.0
21.0
21.0
21.0
21.0
21.0
21.0
21.0
21.0
21.0
21.0
21.0
21.0
21.0
21.0
21.0
21.0
21.0
21.0
27.0
27.0
27.0
27.0
27.0
27.0
27.0
27.0
27.0
27.0
9.0
9.0
2.0
2.0
2.0
2.0
2.0
2.0
2.0
2.0
1.0
1.0
1.0
1.0
1.0
1.0
1.0
1.0
1.0
1.0
21.0
21.0
21.0
21.0
21.0
21.0
23.0
23.0
23.0
23.0
47.0
47.0
47.0
47.0
47.0
47.0
47.0
47.0
47.0
47.0
17.0
17.0
17.0
17.0
17.0
17.0
17.0
18.0
18.0
18.0
7.0
8.0
8.0
8.0
8.0
8.0
8.0
8.0
8.0
8.0
13.0
17.0
17.0
20.0
20.0
20.0
20.0
5.0
5.0
5.0
18.0
18.0
18.0
21.0
21.0
21.0
21.0
21.0
21.0
21.0
9.0
9.0
9.0
9.0
9.0
9.0
9.0
9.0
9.0
9.0
34.0
34.0
34.0
25.0
18.0
18.0
18.0
18.0
18.0
18.0
6.0
6.0
6.0
6.0
6.0
7.0
7.0
7.0
7.0
7.0
7.0
8.0
8.0
8.0
8.0
8.0
8.0
8.0
8.0
8.0
19.0
19.0
19.0
19.0
19.0
19.0
19.0
19.0
9.0
9.0
19.0
19.0
19.0
19.0
19.0
19.0
19.0
19.0
6.0
6.0
37.0
37.0
37.0
37.0
37.0
38.0
38.0
42.0
45.0
45.0
11.0
14.0
14.0
14.0
14.0
17.0
17.0
17.0
17.0
17.0
2.0
2.0
2.0
1.0
1.0
1.0
1.0
1.0
1.0
1.0
12.0
12.0
17.0
17.0
17.0
17.0
17.0
17.0
17.0
17.0
14.0
14.0
14.0
14.0
14.0
14.0
14.0
14.0
14.0
14.0
25.0
25.0
25.0
25.0
25.0
25.0
25.0
25.0
25.0
25.0
15.0
15.0
15.0
15.0
15.0
4.0
4.0
4.0
4.0
4.0
26.0
26.0
26.0
27.0
27.0
27.0
27.0
8.0
8.0
8.0
19.0
19.0
19.0
19.0
19.0
19.0
19.0
19.0
19.0
19.0
16.0
16.0
16.0
16.0
16.0
16.0
16.0
16.0
13.0
15.0
37.0
37.0
37.0
37.0
37.0
37.0
37.0
40.0
40.0
40.0
16.0
16.0
16.0
16.0
16.0
16.0
16.0
13.0
13.0
13.0
22.0
22.0
22.0
22.0
22.0
22.0
22.0
22.0
25.0
25.0
65.0
65.0
38.0
38.0
53.0
53.0
53.0
53.0
53.0
53.0
11.0
13.0
13.0
13.0
13.0
16.0
21.0
21.0
21.0
21.0
26.0
26.0
26.0
26.0
26.0
26.0
26.0
26.0
26.0
32.0
25.0
25.0
25.0
28.0
28.0
28.0
28.0
28.0
28.0
28.0
24.0
24.0
24.0
24.0
24.0
24.0
24.0
24.0
24.0
24.0
49.0
49.0
49.0
49.0
49.0
49.0
49.0
49.0
49.0
49.0
25.0
25.0
25.0
25.0
25.0
25.0
9.0
10.0
11.0
16.0
16.0
16.0
16.0
16.0
16.0
16.0
16.0
16.0
16.0
16.0
17.0
17.0
17.0
17.0
17.0
17.0
17.0
17.0
17.0
17.0
4.0
4.0
4.0
4.0
4.0
5.0
5.0
5.0
3.0
3.0
17.0
20.0
20.0
20.0
20.0
20.0
20.0
20.0
20.0
20.0
6.0
6.0
4.0
4.0
4.0
4.0
4.0
4.0
2.0
1.0
1.0
1.0
2.0
2.0
2.0
2.0
2.0
2.0
2.0
2.0
10.0
12.0
12.0
12.0
12.0
12.0
12.0
12.0
14.0
14.0
26.0
26.0
26.0
26.0
6.0
6.0
6.0
6.0
7.0
8.0
12.0
12.0
12.0
4.0
4.0
4.0
4.0
4.0
4.0
4.0
3.0
3.0
3.0
3.0
4.0
4.0
4.0
4.0
2.0
2.0
18.0
18.0
18.0
19.0
21.0
22.0
22.0
22.0
22.0
22.0
3.0
3.0
3.0
3.0
3.0
3.0
3.0
3.0
4.0
4.0
10.0
10.0
10.0
10.0
10.0
2.0
2.0
2.0
2.0
2.0
55.0
55.0
55.0
55.0
55.0
55.0
55.0
55.0
55.0
55.0
7.0
7.0
7.0
7.0
3.0
3.0
3.0
3.0
3.0
3.0
21.0
21.0
21.0
21.0
21.0
21.0
21.0
21.0
21.0
21.0
8.0
8.0
8.0
8.0
8.0
8.0
8.0
8.0
8.0
8.0
16.0
16.0
16.0
16.0
16.0
16.0
16.0
16.0
16.0
16.0
13.0
13.0
15.0
15.0
15.0
15.0
15.0
6.0
6.0
6.0
9.0
11.0
11.0
11.0
11.0
11.0
11.0
11.0
11.0
11.0
30.0
30.0
35.0
35.0
38.0
38.0
38.0
38.0
38.0
38.0
35.0
35.0
35.0
35.0
35.0
22.0
22.0
22.0
22.0
22.0
26.0
26.0
26.0
28.0
28.0
28.0
28.0
28.0
28.0
28.0
68.0
68.0
68.0
68.0
71.0
71.0
71.0
71.0
71.0
71.0
7.0
7.0
7.0
7.0
7.0
7.0
7.0
7.0
7.0
7.0
12.0
12.0
12.0
12.0
12.0
12.0
12.0
12.0
12.0
12.0
12.0
12.0
12.0
12.0
12.0
12.0
12.0
12.0
12.0
7.0
2.0
2.0
2.0
2.0
2.0
2.0
2.0
2.0
2.0
1.0
26.0
26.0
26.0
26.0
26.0
15.0
15.0
7.0
7.0
7.0
43.0
43.0
43.0
43.0
43.0
43.0
43.0
44.0
44.0
44.0
8.0
8.0
2.0
1.0
1.0
1.0
1.0
1.0
1.0
1.0
8.0
8.0
8.0
8.0
8.0
8.0
8.0
8.0
8.0
9.0
1.0
1.0
1.0
1.0
1.0
2.0
3.0
3.0
3.0
3.0
8.0
8.0
9.0
11.0
11.0
11.0
11.0
11.0
11.0
11.0
11.0
11.0
11.0
11.0
11.0
11.0
11.0
11.0
11.0
6.0
10.0
10.0
10.0
10.0
14.0
14.0
14.0
14.0
14.0
14.0
26.0
26.0
26.0
26.0
26.0
26.0
27.0
27.0
32.0
32.0
13.0
13.0
13.0
13.0
13.0
13.0
13.0
13.0
13.0
13.0
25.0
25.0
25.0
26.0
26.0
26.0
26.0
26.0
26.0
26.0
15.0
16.0
16.0
20.0
10.0
10.0
10.0
10.0
10.0
10.0
10.0
10.0
10.0
10.0
10.0
10.0
10.0
10.0
10.0
10.0
1.0
1.0
1.0
1.0
1.0
1.0
1.0
1.0
2.0
2.0
14.0
14.0
14.0
21.0
21.0
21.0
21.0
21.0
24.0
24.0
13.0
13.0
13.0
13.0
13.0
13.0
13.0
13.0
13.0
13.0
5.0
5.0
5.0
5.0
5.0
5.0
5.0
1.0
2.0
2.0
34.0
34.0
34.0
34.0
34.0
34.0
34.0
34.0
34.0
34.0
53.0
53.0
53.0
53.0
53.0
53.0
53.0
53.0
53.0
53.0
21.0
21.0
21.0
22.0
22.0
22.0
22.0
22.0
22.0
22.0
32.0
32.0
19.0
19.0
19.0
19.0
19.0
19.0
19.0
19.0
24.0
24.0
24.0
24.0
24.0
24.0
24.0
25.0
25.0
25.0
59.0
59.0
59.0
59.0
59.0
59.0
59.0
59.0
34.0
34.0
2.0
2.0
2.0
2.0
2.0
2.0
2.0
2.0
1.0
1.0
20.0
21.0
21.0
21.0
26.0
26.0
26.0
26.0
26.0
27.0
17.0
17.0
17.0
17.0
17.0
17.0
17.0
17.0
17.0
17.0
31.0
31.0
31.0
31.0
31.0
31.0
31.0
31.0
31.0
31.0
22.0
22.0
22.0
22.0
24.0
28.0
29.0
29.0
29.0
29.0
23.0
29.0
29.0
29.0
29.0
29.0
29.0
34.0
34.0
35.0
35.0
35.0
35.0
35.0
35.0
35.0
35.0
35.0
35.0
35.0
3.0
1.0
1.0
1.0
1.0
1.0
2.0
3.0
3.0
3.0
8.0
8.0
8.0
8.0
8.0
8.0
8.0
8.0
8.0
8.0
8.0
8.0
8.0
8.0
8.0
8.0
8.0
8.0
8.0
8.0
2.0
2.0
2.0
1.0
1.0
2.0
2.0
2.0
2.0
2.0
19.0
19.0
19.0
19.0
19.0
19.0
19.0
8.0
8.0
8.0
14.0
14.0
14.0
14.0
14.0
14.0
14.0
14.0
14.0
14.0
31.0
31.0
31.0
31.0
31.0
31.0
31.0
31.0
31.0
31.0
12.0
12.0
12.0
12.0
12.0
12.0
12.0
12.0
12.0
12.0
8.0
8.0
8.0
8.0
8.0
8.0
8.0
8.0
8.0
8.0
12.0
12.0
12.0
12.0
12.0
12.0
12.0
12.0
17.0
17.0
16.0
16.0
16.0
16.0
17.0
17.0
17.0
17.0
17.0
17.0
10.0
10.0
10.0
10.0
10.0
10.0
10.0
10.0
10.0
10.0
16.0
16.0
16.0
16.0
16.0
16.0
16.0
16.0
16.0
18.0
10.0
10.0
10.0
10.0
10.0
10.0
10.0
10.0
10.0
10.0
38.0
38.0
43.0
50.0
50.0
52.0
52.0
52.0
52.0
52.0
7.0
7.0
7.0
7.0
7.0
7.0
7.0
7.0
7.0
7.0
3.0
3.0
3.0
3.0
5.0
5.0
5.0
5.0
1.0
1.0
42.0
43.0
43.0
43.0
43.0
43.0
43.0
43.0
43.0
43.0
7.0
7.0
7.0
7.0
7.0
7.0
7.0
4.0
4.0
4.0
4.0
5.0
5.0
5.0
5.0
5.0
5.0
5.0
5.0
5.0
3.0
3.0
3.0
3.0
3.0
3.0
3.0
3.0
2.0
2.0
28.0
28.0
34.0
34.0
36.0
36.0
36.0
36.0
36.0
37.0
52.0
52.0
52.0
52.0
52.0
52.0
52.0
57.0
57.0
57.0
6.0
6.0
6.0
6.0
9.0
9.0
9.0
9.0
9.0
9.0
3.0
3.0
1.0
1.0
2.0
2.0
2.0
2.0
2.0
2.0
13.0
13.0
13.0
13.0
13.0
13.0
13.0
13.0
13.0
14.0
32.0
32.0
32.0
32.0
32.0
32.0
32.0
32.0
32.0
32.0
32.0
35.0
35.0
35.0
35.0
35.0
35.0
35.0
35.0
35.0
4.0
4.0
4.0
4.0
4.0
4.0
4.0
4.0
4.0
4.0
12.0
12.0
14.0
14.0
14.0
14.0
14.0
14.0
14.0
9.0
11.0
11.0
16.0
16.0
16.0
16.0
16.0
18.0
18.0
18.0
51.0
51.0
51.0
51.0
63.0
63.0
63.0
63.0
65.0
73.0
31.0
31.0
34.0
34.0
34.0
34.0
34.0
34.0
34.0
34.0
28.0
28.0
28.0
28.0
28.0
28.0
33.0
33.0
33.0
33.0
9.0
9.0
9.0
9.0
9.0
9.0
9.0
9.0
9.0
9.0
7.0
7.0
7.0
9.0
9.0
9.0
9.0
9.0
9.0
9.0
31.0
31.0
31.0
31.0
31.0
31.0
31.0
31.0
31.0
31.0
37.0
37.0
37.0
37.0
37.0
40.0
41.0
41.0
41.0
41.0
7.0
3.0
3.0
3.0
3.0
3.0
3.0
4.0
4.0
4.0
21.0
21.0
21.0
21.0
21.0
21.0
21.0
21.0
21.0
21.0
9.0
9.0
9.0
9.0
9.0
9.0
9.0
9.0
9.0
10.0
22.0
22.0
22.0
22.0
22.0
22.0
22.0
22.0
22.0
22.0
18.0
20.0
20.0
21.0
21.0
21.0
21.0
21.0
26.0
26.0
23.0
23.0
23.0
23.0
23.0
23.0
23.0
24.0
24.0
24.0
10.0
10.0
10.0
10.0
10.0
10.0
10.0
10.0
11.0
12.0
10.0
10.0
10.0
10.0
10.0
10.0
13.0
13.0
13.0
13.0
34.0
34.0
34.0
34.0
34.0
34.0
34.0
34.0
34.0
34.0
11.0
11.0
11.0
11.0
11.0
11.0
11.0
12.0
12.0
12.0
42.0
42.0
42.0
42.0
42.0
42.0
42.0
42.0
42.0
42.0
19.0
19.0
19.0
19.0
19.0
19.0
24.0
24.0
24.0
24.0
1.0
1.0
2.0
2.0
2.0
2.0
2.0
2.0
2.0
2.0
9.0
9.0
9.0
9.0
9.0
9.0
9.0
9.0
9.0
9.0
40.0
43.0
44.0
44.0
44.0
44.0
44.0
44.0
44.0
44.0
26.0
26.0
26.0
26.0
26.0
26.0
26.0
12.0
12.0
12.0
52.0
52.0
52.0
52.0
52.0
52.0
40.0
42.0
42.0
42.0
2.0
2.0
2.0
2.0
2.0
2.0
2.0
2.0
2.0
2.0
1.0
1.0
1.0
1.0
1.0
1.0
1.0
1.0
2.0
2.0
9.0
9.0
9.0
9.0
9.0
9.0
9.0
9.0
9.0
3.0
4.0
4.0
5.0
5.0
5.0
5.0
2.0
2.0
2.0
2.0
62.0
62.0
62.0
62.0
62.0
62.0
62.0
62.0
62.0
62.0
14.0
14.0
14.0
14.0
14.0
14.0
14.0
14.0
14.0
14.0
34.0
36.0
36.0
36.0
36.0
36.0
36.0
36.0
36.0
36.0
56.0
56.0
56.0
56.0
56.0
56.0
56.0
56.0
56.0
56.0
5.0
5.0
5.0
5.0
5.0
5.0
2.0
2.0
2.0
2.0
21.0
21.0
21.0
21.0
21.0
21.0
21.0
21.0
21.0
21.0
13.0
17.0
17.0
17.0
17.0
17.0
17.0
17.0
17.0
17.0
38.0
38.0
38.0
38.0
38.0
38.0
38.0
38.0
38.0
38.0
67.0
67.0
82.0
82.0
106.0
106.0
106.0
106.0
106.0
106.0
7.0
6.0
6.0
6.0
6.0
6.0
6.0
6.0
8.0
8.0
31.0
31.0
31.0
31.0
31.0
31.0
31.0
31.0
31.0
31.0
22.0
22.0
29.0
29.0
29.0
29.0
29.0
30.0
30.0
30.0
32.0
32.0
34.0
34.0
35.0
35.0
35.0
35.0
35.0
35.0
26.0
26.0
26.0
29.0
29.0
29.0
29.0
29.0
31.0
31.0
29.0
29.0
29.0
29.0
29.0
29.0
29.0
29.0
29.0
29.0
20.0
20.0
21.0
21.0
23.0
23.0
23.0
23.0
6.0
6.0
37.0
37.0
37.0
37.0
50.0
62.0
62.0
81.0
84.0
84.0
14.0
14.0
14.0
14.0
14.0
14.0
14.0
14.0
14.0
14.0
5.0
2.0
2.0
2.0
2.0
2.0
2.0
2.0
2.0
2.0
31.0
31.0
31.0
31.0
17.0
17.0
17.0
17.0
17.0
17.0
22.0
22.0
22.0
32.0
32.0
32.0
32.0
32.0
32.0
32.0
20.0
20.0
20.0
20.0
20.0
20.0
20.0
7.0
7.0
7.0
18.0
18.0
18.0
18.0
18.0
18.0
18.0
18.0
18.0
18.0
10.0
10.0
10.0
12.0
12.0
12.0
12.0
12.0
12.0
5.0
20.0
20.0
27.0
27.0
27.0
27.0
27.0
27.0
27.0
27.0
5.0
5.0
5.0
5.0
5.0
5.0
5.0
5.0
5.0
5.0
2.0
2.0
2.0
2.0
3.0
3.0
3.0
3.0
3.0
3.0
26.0
26.0
26.0
26.0
26.0
26.0
26.0
26.0
26.0
26.0
16.0
16.0
16.0
16.0
16.0
16.0
16.0
16.0
16.0
22.0
22.0
22.0
22.0
22.0
22.0
22.0
22.0
22.0
22.0
22.0
17.0
17.0
17.0
18.0
18.0
18.0
18.0
18.0
18.0
18.0
12.0
12.0
12.0
12.0
12.0
12.0
12.0
12.0
12.0
14.0
25.0
25.0
25.0
25.0
31.0
31.0
31.0
31.0
31.0
31.0
7.0
7.0
7.0
7.0
7.0
7.0
7.0
7.0
7.0
8.0
13.0
13.0
13.0
16.0
16.0
16.0
16.0
16.0
16.0
16.0
25.0
25.0
25.0
25.0
27.0
27.0
33.0
33.0
33.0
33.0
1.0
1.0
1.0
1.0
2.0
2.0
2.0
3.0
3.0
3.0
12.0
12.0
12.0
12.0
3.0
3.0
3.0
3.0
1.0
1.0
33.0
33.0
33.0
33.0
33.0
33.0
33.0
37.0
39.0
39.0
5.0
5.0
5.0
5.0
5.0
5.0
5.0
5.0
5.0
6.0
35.0
35.0
35.0
35.0
35.0
35.0
49.0
49.0
49.0
49.0
37.0
37.0
37.0
42.0
42.0
42.0
42.0
42.0
42.0
42.0
28.0
28.0
29.0
29.0
29.0
29.0
29.0
29.0
29.0
29.0
3.0
3.0
3.0
3.0
3.0
3.0
3.0
3.0
3.0
3.0
4.0
4.0
4.0
5.0
5.0
5.0
5.0
5.0
5.0
5.0
27.0
27.0
27.0
27.0
27.0
27.0
27.0
27.0
27.0
27.0
25.0
25.0
25.0
25.0
25.0
25.0
25.0
25.0
25.0
25.0
13.0
13.0
13.0
13.0
14.0
14.0
14.0
14.0
14.0
14.0
11.0
11.0
11.0
11.0
14.0
14.0
14.0
14.0
14.0
14.0
16.0
17.0
17.0
17.0
17.0
17.0
13.0
13.0
13.0
13.0
5.0
5.0
5.0
5.0
5.0
6.0
6.0
6.0
6.0
6.0
10.0
10.0
10.0
10.0
10.0
10.0
10.0
10.0
10.0
10.0
23.0
23.0
23.0
23.0
23.0
26.0
26.0
26.0
26.0
40.0
23.0
23.0
23.0
10.0
10.0
10.0
10.0
10.0
10.0
10.0
26.0
26.0
26.0
26.0
26.0
26.0
26.0
26.0
26.0
26.0
6.0
8.0
8.0
8.0
8.0
8.0
8.0
8.0
8.0
8.0
23.0
23.0
23.0
23.0
23.0
23.0
23.0
23.0
32.0
33.0
14.0
15.0
15.0
15.0
15.0
15.0
15.0
15.0
15.0
15.0
19.0
19.0
19.0
19.0
19.0
19.0
19.0
19.0
19.0
19.0
13.0
13.0
13.0
13.0
13.0
13.0
15.0
15.0
15.0
15.0
17.0
17.0
17.0
8.0
8.0
8.0
8.0
8.0
8.0
8.0
44.0
44.0
44.0
44.0
44.0
44.0
44.0
44.0
44.0
45.0
8.0
8.0
8.0
8.0
8.0
8.0
8.0
9.0
9.0
9.0
21.0
21.0
21.0
21.0
21.0
21.0
21.0
21.0
21.0
11.0
41.0
41.0
41.0
46.0
46.0
46.0
46.0
46.0
46.0
46.0
40.0
40.0
40.0
9.0
9.0
9.0
9.0
9.0
9.0
9.0
1.0
1.0
2.0
2.0
3.0
3.0
3.0
3.0
3.0
3.0
13.0
14.0
14.0
14.0
14.0
14.0
14.0
14.0
10.0
10.0
9.0
10.0
10.0
10.0
10.0
10.0
10.0
13.0
13.0
13.0
23.0
23.0
29.0
33.0
33.0
33.0
33.0
33.0
33.0
33.0
40.0
40.0
40.0
40.0
40.0
40.0
40.0
40.0
40.0
40.0
26.0
26.0
26.0
26.0
26.0
26.0
26.0
26.0
26.0
26.0
1.0
1.0
1.0
1.0
1.0
1.0
1.0
1.0
1.0
1.0
21.0
21.0
21.0
21.0
21.0
21.0
21.0
21.0
21.0
21.0
31.0
31.0
31.0
43.0
43.0
43.0
43.0
43.0
43.0
43.0
7.0
7.0
7.0
7.0
7.0
7.0
7.0
7.0
7.0
7.0
76.0
76.0
76.0
76.0
76.0
76.0
76.0
76.0
76.0
76.0
22.0
22.0
22.0
22.0
22.0
22.0
22.0
22.0
22.0
22.0
16.0
16.0
16.0
16.0
16.0
16.0
16.0
16.0
16.0
16.0
34.0
34.0
34.0
34.0
34.0
34.0
34.0
43.0
43.0
43.0
2.0
2.0
2.0
2.0
3.0
3.0
3.0
1.0
1.0
1.0
14.0
14.0
14.0
14.0
15.0
16.0
16.0
16.0
16.0
16.0
17.0
17.0
17.0
17.0
17.0
21.0
21.0
21.0
21.0
21.0
3.0
3.0
3.0
3.0
3.0
4.0
5.0
5.0
5.0
5.0
30.0
30.0
30.0
30.0
30.0
30.0
30.0
30.0
30.0
30.0
10.0
10.0
10.0
7.0
7.0
7.0
8.0
8.0
8.0
8.0
20.0
20.0
20.0
20.0
20.0
20.0
20.0
20.0
20.0
20.0
28.0
28.0
28.0
28.0
12.0
12.0
12.0
12.0
12.0
12.0
5.0
6.0
6.0
6.0
6.0
6.0
6.0
6.0
6.0
6.0
24.0
24.0
24.0
24.0
24.0
25.0
25.0
25.0
25.0
25.0
2.0
2.0
2.0
2.0
2.0
2.0
2.0
2.0
2.0
2.0
2.0
2.0
2.0
2.0
2.0
2.0
2.0
2.0
2.0
2.0
8.0
8.0
8.0
8.0
8.0
8.0
8.0
8.0
8.0
5.0
32.0
32.0
32.0
33.0
33.0
33.0
11.0
11.0
11.0
11.0
29.0
29.0
29.0
29.0
33.0
33.0
33.0
33.0
33.0
33.0
38.0
41.0
41.0
41.0
41.0
41.0
41.0
41.0
41.0
41.0
1.0
1.0
1.0
1.0
1.0
1.0
1.0
1.0
1.0
1.0
38.0
38.0
38.0
38.0
38.0
38.0
40.0
33.0
33.0
33.0
2.0
2.0
2.0
3.0
3.0
3.0
4.0
4.0
4.0
4.0
10.0
10.0
10.0
10.0
3.0
3.0
3.0
3.0
3.0
3.0
8.0
8.0
8.0
8.0
8.0
8.0
8.0
8.0
8.0
8.0
3.0
3.0
3.0
3.0
3.0
3.0
4.0
5.0
5.0
5.0
41.0
57.0
57.0
57.0
57.0
57.0
57.0
57.0
57.0
60.0
26.0
26.0
26.0
26.0
26.0
27.0
28.0
28.0
28.0
28.0
6.0
6.0
6.0
6.0
6.0
7.0
7.0
7.0
3.0
3.0
39.0
39.0
39.0
39.0
39.0
19.0
19.0
19.0
19.0
19.0
25.0
25.0
7.0
4.0
4.0
4.0
4.0
4.0
4.0
4.0
15.0
15.0
18.0
18.0
18.0
18.0
18.0
18.0
18.0
18.0
54.0
54.0
54.0
54.0
40.0
47.0
63.0
63.0
63.0
82.0
14.0
14.0
14.0
14.0
15.0
15.0
15.0
15.0
15.0
15.0
5.0
5.0
5.0
5.0
5.0
5.0
5.0
2.0
2.0
2.0
24.0
24.0
9.0
9.0
9.0
9.0
9.0
9.0
9.0
9.0
11.0
11.0
11.0
11.0
4.0
5.0
5.0
5.0
5.0
5.0
22.0
22.0
22.0
22.0
22.0
10.0
5.0
5.0
5.0
5.0
28.0
28.0
28.0
28.0
28.0
28.0
28.0
28.0
28.0
28.0
10.0
10.0
10.0
10.0
10.0
5.0
5.0
5.0
5.0
5.0
19.0
19.0
19.0
29.0
29.0
29.0
29.0
29.0
32.0
32.0
38.0
38.0
38.0
42.0
42.0
42.0
42.0
50.0
54.0
54.0
35.0
43.0
43.0
43.0
43.0
43.0
43.0
43.0
43.0
43.0
12.0
12.0
12.0
12.0
14.0
14.0
17.0
17.0
17.0
17.0
10.0
3.0
3.0
3.0
3.0
3.0
3.0
3.0
3.0
3.0
5.0
5.0
5.0
5.0
5.0
5.0
5.0
6.0
6.0
6.0
12.0
12.0
12.0
12.0
12.0
12.0
12.0
12.0
15.0
17.0
59.0
59.0
67.0
67.0
67.0
67.0
67.0
67.0
67.0
72.0
23.0
23.0
23.0
23.0
23.0
23.0
23.0
23.0
23.0
23.0
28.0
28.0
28.0
28.0
28.0
28.0
28.0
28.0
28.0
28.0
8.0
10.0
10.0
10.0
10.0
6.0
6.0
6.0
6.0
6.0
63.0
80.0
80.0
80.0
80.0
80.0
80.0
80.0
80.0
80.0
13.0
13.0
13.0
13.0
13.0
13.0
7.0
7.0
7.0
7.0
7.0
7.0
7.0
7.0
4.0
4.0
4.0
4.0
4.0
5.0
27.0
27.0
27.0
27.0
29.0
29.0
29.0
29.0
29.0
29.0
38.0
40.0
40.0
40.0
40.0
40.0
40.0
40.0
31.0
31.0
13.0
13.0
13.0
13.0
15.0
15.0
15.0
15.0
15.0
15.0
10.0
10.0
10.0
10.0
10.0
10.0
10.0
10.0
10.0
2.0
19.0
19.0
19.0
19.0
19.0
19.0
19.0
19.0
19.0
19.0
18.0
18.0
18.0
19.0
19.0
19.0
24.0
34.0
34.0
34.0
21.0
21.0
21.0
21.0
21.0
21.0
26.0
29.0
29.0
29.0
4.0
4.0
4.0
4.0
4.0
4.0
4.0
1.0
1.0
1.0
5.0
5.0
7.0
7.0
7.0
7.0
7.0
7.0
7.0
7.0
31.0
31.0
31.0
31.0
31.0
44.0
44.0
44.0
44.0
44.0
26.0
26.0
26.0
26.0
26.0
26.0
26.0
26.0
26.0
15.0
35.0
35.0
35.0
35.0
35.0
35.0
35.0
35.0
35.0
35.0
27.0
27.0
27.0
27.0
29.0
29.0
29.0
29.0
29.0
29.0
3.0
3.0
3.0
3.0
1.0
1.0
2.0
2.0
2.0
2.0
2.0
2.0
2.0
2.0
2.0
2.0
2.0
2.0
2.0
2.0
17.0
17.0
17.0
17.0
18.0
18.0
18.0
18.0
18.0
18.0
35.0
35.0
35.0
35.0
35.0
35.0
35.0
35.0
35.0
16.0
3.0
3.0
3.0
4.0
4.0
5.0
5.0
5.0
5.0
5.0
4.0
4.0
4.0
4.0
3.0
3.0
3.0
3.0
3.0
1.0
31.0
31.0
31.0
31.0
31.0
31.0
31.0
31.0
31.0
31.0
16.0
16.0
20.0
20.0
20.0
20.0
20.0
20.0
20.0
20.0
3.0
3.0
3.0
3.0
3.0
3.0
3.0
4.0
4.0
4.0
13.0
13.0
13.0
13.0
14.0
14.0
14.0
14.0
14.0
14.0
24.0
24.0
24.0
24.0
24.0
24.0
24.0
24.0
24.0
24.0
24.0
24.0
24.0
24.0
24.0
24.0
26.0
17.0
17.0
17.0
23.0
23.0
23.0
23.0
23.0
23.0
23.0
23.0
23.0
23.0
29.0
29.0
29.0
29.0
29.0
30.0
30.0
30.0
30.0
30.0
32.0
32.0
32.0
32.0
32.0
32.0
32.0
32.0
32.0
34.0
35.0
35.0
35.0
49.0
49.0
49.0
49.0
49.0
49.0
49.0
25.0
25.0
25.0
25.0
25.0
25.0
25.0
30.0
30.0
30.0
21.0
21.0
21.0
22.0
22.0
22.0
22.0
22.0
22.0
25.0
4.0
4.0
4.0
4.0
4.0
4.0
4.0
4.0
4.0
5.0
20.0
20.0
20.0
20.0
20.0
3.0
3.0
3.0
2.0
1.0
44.0
44.0
44.0
56.0
56.0
56.0
56.0
56.0
56.0
56.0
35.0
35.0
35.0
35.0
35.0
35.0
35.0
35.0
35.0
35.0
7.0
7.0
7.0
7.0
8.0
8.0
8.0
8.0
8.0
8.0
56.0
56.0
56.0
56.0
56.0
56.0
56.0
61.0
61.0
61.0
29.0
29.0
29.0
31.0
31.0
31.0
31.0
31.0
31.0
31.0
26.0
26.0
26.0
26.0
31.0
40.0
40.0
40.0
40.0
40.0
15.0
15.0
16.0
16.0
16.0
16.0
16.0
16.0
16.0
16.0
4.0
4.0
4.0
5.0
5.0
5.0
5.0
5.0
5.0
5.0
18.0
18.0
18.0
18.0
18.0
18.0
18.0
18.0
18.0
18.0
13.0
14.0
14.0
14.0
14.0
14.0
14.0
14.0
14.0
14.0
5.0
5.0
5.0
5.0
5.0
5.0
5.0
5.0
6.0
6.0
14.0
14.0
14.0
14.0
14.0
14.0
14.0
14.0
14.0
14.0
57.0
57.0
57.0
57.0
57.0
59.0
59.0
59.0
59.0
59.0
27.0
40.0
40.0
40.0
40.0
44.0
44.0
44.0
44.0
44.0
2.0
2.0
2.0
2.0
2.0
2.0
2.0
3.0
3.0
3.0
2.0
2.0
1.0
1.0
1.0
1.0
1.0
1.0
1.0
1.0
28.0
28.0
28.0
28.0
28.0
28.0
28.0
28.0
28.0
15.0
27.0
27.0
27.0
27.0
27.0
28.0
28.0
28.0
28.0
28.0
28.0
28.0
28.0
28.0
28.0
28.0
28.0
28.0
28.0
28.0
9.0
9.0
9.0
9.0
9.0
9.0
9.0
9.0
9.0
9.0
11.0
11.0
11.0
11.0
11.0
11.0
11.0
11.0
11.0
11.0
32.0
32.0
32.0
32.0
32.0
32.0
32.0
32.0
32.0
32.0
31.0
31.0
31.0
33.0
33.0
43.0
43.0
43.0
43.0
43.0
13.0
13.0
13.0
14.0
14.0
15.0
15.0
15.0
15.0
15.0
18.0
18.0
18.0
18.0
18.0
18.0
18.0
18.0
18.0
18.0
4.0
4.0
4.0
4.0
4.0
4.0
4.0
4.0
4.0
4.0
6.0
6.0
6.0
6.0
6.0
6.0
6.0
6.0
6.0
6.0
18.0
18.0
18.0
18.0
18.0
18.0
18.0
18.0
18.0
18.0
33.0
33.0
33.0
33.0
33.0
33.0
33.0
33.0
33.0
33.0
8.0
8.0
8.0
8.0
8.0
8.0
8.0
8.0
8.0
4.0
18.0
18.0
18.0
22.0
22.0
28.0
28.0
28.0
28.0
28.0
3.0
3.0
3.0
3.0
3.0
3.0
3.0
3.0
3.0
3.0
