WIN FINALE DIS
16.0
16.0
16.0
16.0
16.0
16.0
16.0
16.0
16.0
16.0
46.0
46.0
46.0
46.0
46.0
46.0
46.0
46.0
46.0
55.0
11.0
12.0
16.0
16.0
16.0
16.0
17.0
17.0
17.0
18.0
7.0
7.0
7.0
8.0
8.0
8.0
10.0
10.0
10.0
10.0
25.0
25.0
25.0
25.0
25.0
25.0
25.0
25.0
25.0
16.0
13.0
13.0
13.0
13.0
13.0
18.0
18.0
18.0
19.0
19.0
2.0
1.0
1.0
1.0
1.0
1.0
1.0
1.0
1.0
1.0
12.0
12.0
12.0
12.0
14.0
14.0
14.0
14.0
14.0
14.0
36.0
36.0
36.0
36.0
36.0
36.0
36.0
36.0
36.0
36.0
16.0
16.0
16.0
16.0
16.0
16.0
16.0
16.0
16.0
16.0
16.0
16.0
16.0
16.0
16.0
16.0
16.0
16.0
16.0
16.0
25.0
25.0
25.0
25.0
26.0
26.0
26.0
26.0
27.0
27.0
3.0
3.0
3.0
3.0
3.0
3.0
3.0
3.0
3.0
3.0
15.0
15.0
18.0
18.0
18.0
18.0
18.0
18.0
18.0
18.0
22.0
22.0
22.0
22.0
24.0
24.0
24.0
24.0
25.0
25.0
9.0
9.0
9.0
6.0
6.0
6.0
6.0
6.0
6.0
6.0
30.0
30.0
30.0
30.0
30.0
30.0
30.0
30.0
30.0
30.0
13.0
4.0
4.0
4.0
4.0
4.0
4.0
4.0
4.0
4.0
22.0
22.0
22.0
22.0
22.0
10.0
10.0
10.0
10.0
12.0
30.0
30.0
30.0
30.0
30.0
30.0
30.0
30.0
30.0
30.0
12.0
12.0
12.0
12.0
12.0
12.0
12.0
13.0
14.0
14.0
19.0
19.0
19.0
19.0
22.0
22.0
22.0
22.0
22.0
22.0
24.0
24.0
24.0
25.0
10.0
12.0
12.0
16.0
16.0
16.0
12.0
12.0
12.0
12.0
12.0
12.0
14.0
14.0
14.0
14.0
34.0
34.0
34.0
37.0
37.0
37.0
37.0
37.0
37.0
51.0
39.0
39.0
39.0
39.0
39.0
39.0
39.0
18.0
18.0
18.0
23.0
23.0
23.0
23.0
27.0
27.0
27.0
27.0
27.0
27.0
21.0
21.0
21.0
21.0
21.0
21.0
21.0
21.0
21.0
21.0
15.0
15.0
15.0
15.0
15.0
15.0
15.0
15.0
15.0
15.0
15.0
15.0
15.0
15.0
15.0
15.0
15.0
15.0
15.0
15.0
26.0
26.0
26.0
26.0
26.0
26.0
10.0
11.0
11.0
11.0
7.0
7.0
7.0
7.0
7.0
7.0
7.0
7.0
8.0
8.0
4.0
4.0
4.0
4.0
4.0
4.0
4.0
4.0
4.0
4.0
8.0
8.0
8.0
5.0
5.0
5.0
5.0
5.0
5.0
5.0
36.0
36.0
36.0
36.0
36.0
45.0
45.0
45.0
45.0
45.0
12.0
12.0
12.0
12.0
12.0
12.0
12.0
12.0
12.0
12.0
9.0
9.0
9.0
9.0
9.0
5.0
5.0
5.0
5.0
5.0
1.0
1.0
1.0
1.0
1.0
1.0
1.0
1.0
1.0
1.0
6.0
6.0
6.0
6.0
6.0
2.0
2.0
2.0
2.0
2.0
7.0
7.0
7.0
7.0
7.0
7.0
7.0
7.0
7.0
7.0
6.0
6.0
6.0
6.0
6.0
6.0
6.0
6.0
7.0
7.0
47.0
47.0
47.0
47.0
47.0
47.0
47.0
47.0
47.0
47.0
8.0
8.0
8.0
8.0
8.0
8.0
8.0
8.0
8.0
10.0
32.0
32.0
32.0
32.0
32.0
32.0
32.0
32.0
32.0
32.0
18.0
18.0
20.0
20.0
20.0
20.0
20.0
20.0
20.0
20.0
44.0
44.0
44.0
44.0
44.0
44.0
44.0
44.0
44.0
20.0
4.0
4.0
4.0
4.0
4.0
4.0
4.0
5.0
2.0
2.0
19.0
19.0
19.0
19.0
19.0
19.0
19.0
19.0
19.0
19.0
31.0
45.0
45.0
45.0
45.0
45.0
45.0
45.0
45.0
45.0
21.0
21.0
21.0
21.0
21.0
21.0
21.0
21.0
21.0
21.0
13.0
13.0
13.0
13.0
13.0
13.0
13.0
13.0
13.0
13.0
5.0
5.0
5.0
5.0
5.0
5.0
5.0
5.0
5.0
5.0
28.0
28.0
28.0
28.0
28.0
28.0
28.0
29.0
30.0
30.0
13.0
13.0
13.0
13.0
13.0
13.0
13.0
13.0
13.0
13.0
9.0
9.0
9.0
9.0
9.0
9.0
9.0
9.0
9.0
9.0
43.0
43.0
43.0
43.0
43.0
43.0
43.0
43.0
43.0
43.0
59.0
59.0
59.0
59.0
67.0
67.0
77.0
77.0
77.0
77.0
36.0
36.0
36.0
36.0
40.0
40.0
40.0
40.0
40.0
40.0
27.0
27.0
17.0
17.0
17.0
17.0
17.0
17.0
17.0
17.0
53.0
53.0
53.0
53.0
53.0
53.0
55.0
55.0
55.0
55.0
42.0
42.0
44.0
44.0
44.0
44.0
44.0
44.0
44.0
44.0
12.0
12.0
12.0
12.0
12.0
12.0
12.0
16.0
16.0
16.0
30.0
30.0
30.0
34.0
34.0
44.0
44.0
44.0
44.0
44.0
5.0
5.0
6.0
6.0
6.0
6.0
6.0
6.0
6.0
7.0
54.0
27.0
27.0
11.0
11.0
11.0
12.0
12.0
12.0
12.0
13.0
13.0
13.0
13.0
13.0
13.0
16.0
16.0
16.0
16.0
9.0
9.0
9.0
9.0
9.0
9.0
9.0
9.0
9.0
9.0
17.0
17.0
18.0
18.0
18.0
18.0
18.0
18.0
18.0
18.0
37.0
45.0
45.0
45.0
45.0
45.0
45.0
45.0
45.0
45.0
1.0
1.0
2.0
2.0
2.0
2.0
2.0
1.0
1.0
1.0
32.0
32.0
32.0
32.0
32.0
32.0
32.0
32.0
32.0
32.0
43.0
43.0
52.0
52.0
55.0
55.0
55.0
55.0
55.0
55.0
6.0
6.0
6.0
6.0
6.0
6.0
6.0
6.0
6.0
6.0
23.0
23.0
23.0
23.0
27.0
27.0
27.0
27.0
36.0
36.0
35.0
14.0
14.0
14.0
14.0
14.0
14.0
14.0
14.0
14.0
31.0
31.0
31.0
31.0
31.0
37.0
15.0
15.0
15.0
15.0
8.0
8.0
8.0
8.0
8.0
10.0
10.0
10.0
10.0
10.0
10.0
10.0
11.0
11.0
11.0
11.0
11.0
11.0
11.0
11.0
8.0
8.0
8.0
8.0
8.0
8.0
8.0
8.0
8.0
8.0
28.0
28.0
28.0
28.0
28.0
13.0
13.0
13.0
13.0
9.0
39.0
39.0
39.0
39.0
39.0
39.0
39.0
39.0
39.0
39.0
1.0
1.0
1.0
1.0
1.0
1.0
1.0
1.0
1.0
1.0
25.0
25.0
25.0
25.0
25.0
25.0
25.0
25.0
25.0
25.0
44.0
44.0
44.0
44.0
44.0
44.0
44.0
44.0
44.0
44.0
16.0
16.0
18.0
18.0
18.0
18.0
18.0
18.0
18.0
18.0
58.0
58.0
58.0
58.0
58.0
58.0
58.0
58.0
58.0
62.0
23.0
23.0
23.0
23.0
23.0
23.0
23.0
23.0
23.0
23.0
18.0
18.0
18.0
18.0
18.0
18.0
18.0
18.0
18.0
18.0
50.0
50.0
50.0
50.0
50.0
50.0
50.0
50.0
50.0
50.0
1.0
1.0
1.0
1.0
2.0
1.0
2.0
2.0
2.0
2.0
2.0
2.0
2.0
1.0
2.0
2.0
2.0
2.0
1.0
1.0
21.0
21.0
21.0
21.0
21.0
21.0
21.0
21.0
21.0
21.0
24.0
24.0
26.0
26.0
26.0
26.0
26.0
26.0
26.0
26.0
28.0
28.0
28.0
28.0
28.0
28.0
28.0
30.0
30.0
30.0
7.0
7.0
7.0
7.0
7.0
7.0
5.0
5.0
5.0
5.0
5.0
5.0
5.0
5.0
5.0
5.0
5.0
5.0
5.0
5.0
3.0
3.0
1.0
1.0
1.0
1.0
1.0
1.0
1.0
1.0
24.0
24.0
24.0
24.0
24.0
24.0
24.0
24.0
26.0
26.0
26.0
26.0
35.0
35.0
35.0
35.0
35.0
35.0
35.0
35.0
7.0
7.0
7.0
7.0
4.0
4.0
4.0
4.0
3.0
4.0
4.0
4.0
4.0
4.0
4.0
4.0
4.0
4.0
4.0
4.0
32.0
32.0
32.0
32.0
32.0
9.0
9.0
9.0
4.0
5.0
1.0
1.0
1.0
1.0
1.0
1.0
1.0
1.0
1.0
1.0
17.0
17.0
17.0
17.0
17.0
17.0
17.0
17.0
17.0
17.0
38.0
38.0
38.0
38.0
38.0
38.0
38.0
38.0
38.0
38.0
36.0
36.0
36.0
20.0
20.0
20.0
20.0
20.0
20.0
20.0
3.0
3.0
3.0
3.0
3.0
4.0
4.0
5.0
5.0
5.0
39.0
39.0
39.0
39.0
39.0
39.0
39.0
39.0
39.0
39.0
43.0
43.0
43.0
43.0
43.0
51.0
51.0
51.0
51.0
51.0
30.0
30.0
33.0
33.0
33.0
48.0
48.0
48.0
48.0
48.0
5.0
5.0
5.0
5.0
5.0
5.0
5.0
5.0
5.0
5.0
25.0
25.0
25.0
9.0
9.0
9.0
9.0
9.0
9.0
4.0
36.0
36.0
40.0
40.0
40.0
40.0
40.0
40.0
40.0
40.0
19.0
19.0
19.0
19.0
19.0
19.0
19.0
19.0
19.0
19.0
13.0
13.0
14.0
14.0
14.0
14.0
14.0
14.0
14.0
14.0
28.0
28.0
28.0
28.0
29.0
29.0
29.0
29.0
29.0
29.0
7.0
7.0
7.0
7.0
7.0
7.0
7.0
7.0
7.0
7.0
2.0
1.0
1.0
2.0
2.0
2.0
2.0
2.0
2.0
2.0
22.0
22.0
22.0
22.0
22.0
22.0
22.0
22.0
22.0
22.0
12.0
7.0
7.0
7.0
7.0
7.0
7.0
7.0
7.0
7.0
13.0
13.0
13.0
17.0
17.0
17.0
17.0
17.0
20.0
22.0
6.0
6.0
6.0
6.0
6.0
6.0
6.0
2.0
2.0
2.0
22.0
22.0
22.0
22.0
22.0
22.0
22.0
22.0
22.0
22.0
13.0
13.0
5.0
5.0
5.0
5.0
5.0
5.0
5.0
5.0
14.0
14.0
14.0
14.0
14.0
14.0
14.0
14.0
14.0
14.0
11.0
11.0
11.0
11.0
11.0
15.0
15.0
15.0
15.0
15.0
21.0
21.0
21.0
21.0
21.0
21.0
21.0
21.0
21.0
21.0
12.0
12.0
14.0
14.0
14.0
14.0
14.0
14.0
14.0
14.0
35.0
36.0
36.0
36.0
36.0
36.0
36.0
36.0
36.0
36.0
20.0
20.0
20.0
20.0
32.0
32.0
32.0
32.0
32.0
32.0
30.0
32.0
32.0
32.0
37.0
37.0
37.0
37.0
37.0
37.0
3.0
3.0
3.0
3.0
3.0
3.0
3.0
3.0
2.0
2.0
12.0
12.0
12.0
12.0
16.0
16.0
16.0
16.0
16.0
16.0
31.0
31.0
31.0
31.0
31.0
31.0
31.0
31.0
12.0
12.0
1.0
1.0
1.0
1.0
1.0
1.0
1.0
1.0
1.0
1.0
6.0
6.0
6.0
6.0
4.0
4.0
4.0
4.0
5.0
5.0
25.0
25.0
25.0
25.0
25.0
25.0
25.0
25.0
25.0
25.0
42.0
42.0
50.0
50.0
50.0
50.0
50.0
50.0
50.0
50.0
2.0
2.0
2.0
1.0
1.0
1.0
1.0
1.0
1.0
1.0
31.0
31.0
31.0
31.0
31.0
31.0
31.0
31.0
31.0
31.0
31.0
31.0
31.0
31.0
31.0
31.0
31.0
31.0
31.0
31.0
25.0
25.0
25.0
25.0
25.0
25.0
25.0
25.0
25.0
25.0
29.0
31.0
31.0
31.0
31.0
31.0
31.0
31.0
31.0
31.0
10.0
10.0
10.0
10.0
11.0
11.0
11.0
11.0
12.0
12.0
19.0
19.0
19.0
19.0
20.0
20.0
20.0
20.0
20.0
20.0
24.0
24.0
24.0
24.0
30.0
30.0
30.0
12.0
12.0
12.0
3.0
2.0
2.0
2.0
2.0
2.0
2.0
2.0
2.0
2.0
25.0
25.0
25.0
25.0
25.0
25.0
25.0
25.0
25.0
25.0
5.0
6.0
6.0
6.0
6.0
6.0
6.0
6.0
6.0
6.0
14.0
14.0
14.0
14.0
14.0
14.0
17.0
17.0
7.0
7.0
26.0
26.0
26.0
26.0
30.0
30.0
30.0
30.0
30.0
30.0
4.0
4.0
4.0
4.0
4.0
4.0
4.0
3.0
3.0
3.0
3.0
3.0
3.0
3.0
3.0
3.0
2.0
2.0
2.0
1.0
25.0
25.0
25.0
25.0
25.0
25.0
25.0
25.0
29.0
29.0
8.0
8.0
8.0
8.0
10.0
10.0
10.0
10.0
10.0
10.0
62.0
62.0
62.0
72.0
72.0
72.0
72.0
51.0
51.0
53.0
14.0
14.0
14.0
14.0
14.0
14.0
14.0
14.0
14.0
14.0
52.0
52.0
52.0
52.0
52.0
52.0
52.0
52.0
52.0
52.0
13.0
13.0
13.0
13.0
13.0
13.0
13.0
13.0
13.0
13.0
38.0
38.0
38.0
38.0
38.0
38.0
38.0
38.0
41.0
41.0
14.0
14.0
14.0
14.0
14.0
14.0
14.0
14.0
14.0
16.0
42.0
49.0
49.0
49.0
49.0
49.0
49.0
49.0
49.0
49.0
39.0
39.0
39.0
39.0
41.0
41.0
41.0
41.0
41.0
41.0
6.0
6.0
1.0
1.0
1.0
1.0
1.0
1.0
1.0
1.0
37.0
37.0
37.0
37.0
37.0
16.0
16.0
16.0
16.0
16.0
4.0
4.0
1.0
1.0
1.0
1.0
1.0
2.0
2.0
2.0
38.0
38.0
38.0
38.0
38.0
15.0
15.0
15.0
15.0
15.0
32.0
15.0
15.0
8.0
9.0
9.0
9.0
9.0
9.0
9.0
10.0
10.0
10.0
10.0
10.0
10.0
10.0
10.0
10.0
10.0
31.0
31.0
31.0
31.0
31.0
31.0
31.0
31.0
31.0
31.0
22.0
22.0
22.0
22.0
22.0
22.0
22.0
22.0
22.0
22.0
29.0
29.0
29.0
13.0
13.0
13.0
13.0
13.0
13.0
13.0
36.0
36.0
36.0
36.0
36.0
36.0
36.0
36.0
36.0
36.0
5.0
5.0
6.0
6.0
7.0
7.0
7.0
7.0
7.0
7.0
23.0
23.0
23.0
23.0
23.0
23.0
23.0
23.0
23.0
23.0
41.0
41.0
46.0
58.0
58.0
58.0
58.0
58.0
58.0
58.0
11.0
12.0
12.0
12.0
12.0
12.0
12.0
12.0
12.0
12.0
2.0
2.0
2.0
2.0
2.0
2.0
3.0
1.0
1.0
1.0
9.0
9.0
9.0
9.0
9.0
9.0
9.0
9.0
9.0
10.0
19.0
19.0
19.0
19.0
19.0
19.0
19.0
19.0
19.0
19.0
12.0
12.0
12.0
12.0
12.0
12.0
12.0
13.0
15.0
15.0
10.0
10.0
10.0
10.0
10.0
10.0
10.0
10.0
10.0
10.0
18.0
18.0
18.0
18.0
18.0
18.0
18.0
18.0
18.0
18.0
9.0
9.0
9.0
9.0
9.0
9.0
9.0
9.0
9.0
9.0
33.0
33.0
33.0
33.0
33.0
33.0
33.0
33.0
33.0
33.0
12.0
12.0
12.0
12.0
12.0
12.0
12.0
12.0
12.0
12.0
21.0
21.0
21.0
21.0
21.0
21.0
21.0
21.0
21.0
21.0
35.0
35.0
35.0
35.0
35.0
35.0
35.0
36.0
37.0
37.0
66.0
66.0
66.0
66.0
66.0
66.0
66.0
67.0
67.0
67.0
25.0
33.0
33.0
33.0
33.0
33.0
33.0
33.0
33.0
18.0
5.0
5.0
5.0
6.0
6.0
3.0
3.0
3.0
3.0
3.0
19.0
19.0
19.0
19.0
19.0
19.0
25.0
31.0
31.0
31.0
25.0
25.0
25.0
25.0
25.0
28.0
28.0
28.0
29.0
33.0
20.0
20.0
20.0
20.0
20.0
20.0
22.0
22.0
22.0
22.0
7.0
7.0
7.0
7.0
7.0
7.0
7.0
7.0
7.0
7.0
21.0
21.0
21.0
21.0
21.0
10.0
10.0
10.0
10.0
10.0
32.0
32.0
32.0
32.0
32.0
32.0
32.0
32.0
32.0
32.0
31.0
31.0
8.0
8.0
8.0
8.0
8.0
5.0
7.0
7.0
24.0
24.0
24.0
24.0
24.0
24.0
24.0
24.0
24.0
24.0
4.0
4.0
4.0
4.0
4.0
4.0
4.0
4.0
5.0
5.0
4.0
4.0
4.0
4.0
4.0
4.0
4.0
4.0
4.0
4.0
34.0
34.0
34.0
34.0
34.0
34.0
34.0
34.0
34.0
34.0
12.0
12.0
12.0
12.0
12.0
6.0
6.0
6.0
7.0
6.0
35.0
35.0
35.0
35.0
35.0
35.0
35.0
35.0
35.0
35.0
31.0
35.0
35.0
35.0
35.0
35.0
35.0
35.0
35.0
35.0
29.0
29.0
29.0
29.0
29.0
29.0
29.0
10.0
10.0
10.0
47.0
52.0
52.0
52.0
47.0
47.0
47.0
22.0
22.0
22.0
8.0
8.0
8.0
8.0
8.0
8.0
8.0
8.0
8.0
8.0
6.0
6.0
3.0
3.0
3.0
3.0
3.0
3.0
3.0
4.0
21.0
21.0
23.0
23.0
23.0
23.0
23.0
23.0
23.0
23.0
11.0
11.0
11.0
11.0
11.0
11.0
11.0
11.0
11.0
11.0
5.0
5.0
5.0
5.0
5.0
6.0
6.0
6.0
6.0
6.0
2.0
2.0
2.0
2.0
2.0
2.0
2.0
2.0
3.0
3.0
4.0
4.0
4.0
4.0
4.0
4.0
4.0
4.0
4.0
4.0
14.0
14.0
17.0
17.0
17.0
17.0
17.0
20.0
20.0
20.0
6.0
7.0
7.0
7.0
7.0
7.0
5.0
5.0
5.0
5.0
41.0
41.0
41.0
41.0
41.0
41.0
41.0
41.0
41.0
41.0
12.0
12.0
12.0
12.0
12.0
12.0
12.0
12.0
12.0
12.0
7.0
7.0
7.0
7.0
7.0
7.0
10.0
10.0
10.0
10.0
7.0
7.0
7.0
7.0
7.0
7.0
7.0
2.0
2.0
2.0
29.0
29.0
29.0
29.0
29.0
29.0
29.0
29.0
29.0
29.0
30.0
30.0
30.0
30.0
30.0
30.0
30.0
37.0
37.0
37.0
24.0
24.0
24.0
24.0
24.0
24.0
24.0
24.0
24.0
24.0
17.0
17.0
17.0
17.0
17.0
17.0
17.0
17.0
17.0
17.0
4.0
4.0
4.0
4.0
4.0
4.0
4.0
4.0
4.0
4.0
16.0
16.0
16.0
16.0
11.0
11.0
11.0
11.0
11.0
11.0
28.0
28.0
28.0
28.0
29.0
29.0
29.0
29.0
29.0
29.0
19.0
19.0
19.0
19.0
20.0
20.0
20.0
20.0
20.0
20.0
26.0
26.0
26.0
26.0
26.0
26.0
26.0
26.0
26.0
27.0
2.0
2.0
2.0
2.0
2.0
2.0
2.0
2.0
2.0
2.0
26.0
26.0
26.0
26.0
26.0
26.0
26.0
26.0
26.0
26.0
51.0
51.0
69.0
82.0
82.0
82.0
82.0
82.0
82.0
82.0
26.0
26.0
26.0
26.0
30.0
30.0
30.0
30.0
30.0
32.0
37.0
39.0
39.0
39.0
39.0
39.0
14.0
14.0
18.0
18.0
38.0
38.0
38.0
38.0
38.0
38.0
38.0
38.0
38.0
38.0
23.0
23.0
23.0
9.0
9.0
9.0
9.0
9.0
9.0
9.0
2.0
2.0
2.0
2.0
2.0
2.0
2.0
1.0
1.0
1.0
15.0
15.0
20.0
20.0
20.0
20.0
20.0
20.0
20.0
12.0
16.0
16.0
16.0
16.0
16.0
16.0
17.0
17.0
17.0
17.0
2.0
2.0
3.0
3.0
3.0
3.0
3.0
3.0
3.0
3.0
14.0
14.0
14.0
14.0
14.0
16.0
16.0
16.0
16.0
16.0
29.0
29.0
29.0
29.0
29.0
29.0
29.0
29.0
29.0
29.0
23.0
25.0
25.0
25.0
25.0
25.0
25.0
25.0
25.0
25.0
20.0
20.0
20.0
20.0
20.0
20.0
20.0
20.0
20.0
20.0
8.0
8.0
8.0
10.0
10.0
10.0
10.0
10.0
10.0
11.0
9.0
9.0
9.0
9.0
9.0
9.0
9.0
9.0
10.0
10.0
26.0
26.0
26.0
26.0
26.0
26.0
26.0
32.0
32.0
32.0
17.0
17.0
23.0
23.0
23.0
23.0
23.0
26.0
29.0
33.0
28.0
28.0
28.0
28.0
28.0
28.0
28.0
28.0
28.0
28.0
4.0
3.0
3.0
3.0
3.0
3.0
3.0
3.0
3.0
3.0
2.0
2.0
2.0
2.0
2.0
2.0
2.0
2.0
2.0
2.0
36.0
41.0
41.0
41.0
45.0
45.0
45.0
45.0
45.0
45.0
4.0
4.0
4.0
4.0
4.0
4.0
4.0
4.0
4.0
4.0
24.0
24.0
24.0
24.0
24.0
24.0
24.0
24.0
24.0
24.0
7.0
7.0
7.0
7.0
5.0
5.0
5.0
3.0
3.0
3.0
12.0
12.0
12.0
12.0
12.0
12.0
12.0
12.0
12.0
12.0
25.0
25.0
25.0
25.0
25.0
25.0
25.0
31.0
32.0
32.0
14.0
14.0
17.0
17.0
17.0
17.0
18.0
18.0
18.0
18.0
12.0
12.0
12.0
12.0
12.0
12.0
15.0
15.0
15.0
15.0
52.0
52.0
52.0
52.0
52.0
52.0
63.0
63.0
25.0
25.0
37.0
37.0
37.0
37.0
37.0
37.0
37.0
37.0
37.0
37.0
25.0
25.0
25.0
25.0
25.0
25.0
25.0
25.0
25.0
25.0
23.0
23.0
26.0
28.0
28.0
28.0
28.0
28.0
28.0
33.0
12.0
12.0
12.0
3.0
3.0
3.0
3.0
3.0
1.0
1.0
34.0
34.0
53.0
53.0
53.0
53.0
53.0
53.0
53.0
53.0
10.0
10.0
10.0
10.0
10.0
10.0
10.0
10.0
13.0
13.0
24.0
24.0
24.0
6.0
6.0
6.0
6.0
6.0
6.0
6.0
14.0
14.0
14.0
14.0
14.0
14.0
14.0
14.0
14.0
14.0
24.0
24.0
24.0
24.0
12.0
12.0
12.0
12.0
12.0
12.0
9.0
9.0
9.0
9.0
9.0
9.0
9.0
9.0
9.0
9.0
16.0
16.0
16.0
16.0
16.0
16.0
18.0
18.0
18.0
18.0
2.0
1.0
1.0
1.0
1.0
1.0
2.0
2.0
2.0
2.0
13.0
13.0
15.0
15.0
15.0
15.0
15.0
17.0
17.0
17.0
3.0
3.0
3.0
3.0
3.0
3.0
3.0
3.0
3.0
3.0
11.0
11.0
11.0
11.0
11.0
11.0
11.0
14.0
14.0
14.0
33.0
33.0
33.0
33.0
33.0
33.0
33.0
33.0
33.0
33.0
2.0
2.0
2.0
2.0
2.0
2.0
2.0
2.0
2.0
2.0
39.0
39.0
39.0
39.0
39.0
47.0
54.0
54.0
54.0
54.0
15.0
15.0
15.0
15.0
18.0
18.0
18.0
18.0
18.0
18.0
23.0
23.0
23.0
23.0
23.0
23.0
23.0
23.0
23.0
23.0
20.0
20.0
20.0
11.0
11.0
11.0
5.0
5.0
5.0
5.0
30.0
30.0
30.0
30.0
30.0
30.0
30.0
30.0
30.0
30.0
37.0
37.0
37.0
39.0
39.0
39.0
39.0
39.0
42.0
42.0
27.0
30.0
30.0
30.0
9.0
9.0
9.0
9.0
11.0
11.0
32.0
41.0
41.0
41.0
41.0
41.0
41.0
41.0
41.0
41.0
39.0
39.0
39.0
39.0
39.0
39.0
39.0
39.0
58.0
58.0
6.0
6.0
6.0
6.0
6.0
6.0
6.0
6.0
6.0
6.0
14.0
14.0
5.0
5.0
5.0
5.0
6.0
7.0
7.0
7.0
22.0
23.0
23.0
23.0
23.0
32.0
32.0
32.0
32.0
32.0
4.0
4.0
4.0
4.0
4.0
4.0
4.0
4.0
4.0
4.0
7.0
7.0
7.0
7.0
7.0
7.0
7.0
7.0
2.0
2.0
28.0
28.0
28.0
28.0
28.0
28.0
28.0
28.0
28.0
28.0
14.0
14.0
14.0
14.0
14.0
14.0
14.0
14.0
14.0
14.0
9.0
9.0
9.0
9.0
9.0
9.0
9.0
9.0
9.0
9.0
9.0
9.0
9.0
9.0
9.0
9.0
9.0
9.0
9.0
9.0
18.0
18.0
18.0
18.0
18.0
18.0
18.0
18.0
18.0
18.0
14.0
14.0
14.0
14.0
14.0
14.0
14.0
14.0
14.0
14.0
62.0
62.0
62.0
62.0
70.0
70.0
70.0
76.0
76.0
76.0
20.0
20.0
20.0
20.0
29.0
29.0
29.0
29.0
29.0
29.0
25.0
25.0
28.0
28.0
28.0
30.0
30.0
30.0
30.0
30.0
57.0
36.0
36.0
36.0
45.0
45.0
45.0
45.0
45.0
45.0
53.0
59.0
59.0
59.0
59.0
59.0
59.0
59.0
59.0
59.0
2.0
2.0
2.0
2.0
2.0
2.0
2.0
2.0
2.0
2.0
45.0
45.0
53.0
65.0
65.0
65.0
65.0
65.0
65.0
65.0
44.0
44.0
44.0
44.0
44.0
44.0
51.0
51.0
51.0
51.0
1.0
1.0
2.0
2.0
2.0
3.0
3.0
3.0
3.0
3.0
26.0
26.0
26.0
26.0
26.0
26.0
26.0
26.0
26.0
26.0
20.0
20.0
20.0
20.0
20.0
20.0
20.0
20.0
20.0
20.0
38.0
38.0
38.0
38.0
38.0
38.0
39.0
39.0
39.0
39.0
2.0
2.0
2.0
2.0
2.0
2.0
3.0
4.0
2.0
2.0
11.0
11.0
11.0
11.0
11.0
11.0
11.0
11.0
12.0
12.0
41.0
41.0
41.0
41.0
41.0
41.0
41.0
41.0
41.0
41.0
52.0
52.0
78.0
78.0
78.0
78.0
78.0
78.0
78.0
78.0
12.0
12.0
12.0
12.0
12.0
12.0
12.0
12.0
15.0
15.0
1.0
2.0
2.0
2.0
2.0
2.0
2.0
2.0
2.0
2.0
5.0
5.0
5.0
5.0
5.0
5.0
5.0
6.0
6.0
6.0
4.0
4.0
4.0
4.0
4.0
4.0
4.0
4.0
4.0
4.0
15.0
15.0
15.0
15.0
15.0
15.0
15.0
15.0
15.0
15.0
37.0
37.0
37.0
37.0
37.0
24.0
24.0
26.0
26.0
26.0
20.0
20.0
20.0
20.0
20.0
20.0
20.0
20.0
20.0
20.0
31.0
31.0
31.0
31.0
31.0
31.0
31.0
31.0
31.0
31.0
14.0
14.0
14.0
14.0
15.0
15.0
9.0
9.0
11.0
11.0
31.0
31.0
31.0
31.0
31.0
31.0
31.0
26.0
26.0
26.0
13.0
13.0
13.0
13.0
13.0
13.0
13.0
13.0
13.0
13.0
4.0
4.0
4.0
4.0
4.0
4.0
4.0
4.0
4.0
4.0
4.0
4.0
4.0
2.0
2.0
2.0
2.0
2.0
2.0
2.0
5.0
5.0
5.0
5.0
5.0
5.0
5.0
2.0
2.0
2.0
13.0
13.0
13.0
13.0
13.0
13.0
13.0
13.0
13.0
13.0
17.0
17.0
17.0
17.0
17.0
17.0
17.0
17.0
17.0
17.0
50.0
50.0
50.0
50.0
50.0
50.0
50.0
50.0
50.0
50.0
32.0
32.0
32.0
32.0
32.0
32.0
32.0
32.0
32.0
32.0
5.0
5.0
5.0
5.0
5.0
5.0
5.0
5.0
5.0
6.0
11.0
11.0
11.0
7.0
7.0
7.0
7.0
7.0
7.0
7.0
15.0
15.0
15.0
16.0
16.0
16.0
5.0
5.0
5.0
5.0
11.0
11.0
16.0
16.0
16.0
16.0
16.0
16.0
16.0
16.0
9.0
9.0
9.0
9.0
9.0
9.0
9.0
4.0
4.0
2.0
6.0
6.0
6.0
6.0
6.0
6.0
6.0
5.0
5.0
5.0
2.0
2.0
2.0
2.0
2.0
2.0
2.0
1.0
2.0
2.0
20.0
20.0
20.0
20.0
20.0
20.0
20.0
20.0
20.0
20.0
6.0
6.0
6.0
6.0
6.0
6.0
6.0
6.0
6.0
6.0
1.0
1.0
1.0
1.0
1.0
1.0
1.0
1.0
1.0
2.0
7.0
7.0
7.0
7.0
7.0
7.0
7.0
7.0
7.0
7.0
1.0
2.0
2.0
2.0
2.0
2.0
2.0
2.0
2.0
2.0
31.0
31.0
31.0
31.0
31.0
31.0
31.0
31.0
31.0
31.0
12.0
12.0
12.0
12.0
12.0
12.0
12.0
12.0
12.0
12.0
25.0
25.0
25.0
25.0
25.0
25.0
25.0
25.0
25.0
25.0
98.0
98.0
98.0
98.0
98.0
98.0
98.0
98.0
98.0
98.0
34.0
34.0
34.0
34.0
34.0
34.0
34.0
34.0
34.0
34.0
40.0
40.0
20.0
20.0
20.0
20.0
20.0
20.0
20.0
20.0
4.0
4.0
4.0
4.0
4.0
4.0
4.0
4.0
4.0
4.0
