WIN FINALE DIS
3.0
3.0
3.0
4.0
4.0
4.0
4.0
4.0
4.0
4.0
14.0
14.0
14.0
14.0
14.0
14.0
14.0
14.0
14.0
14.0
6.0
6.0
6.0
6.0
4.0
6.0
6.0
7.0
7.0
7.0
21.0
21.0
21.0
21.0
21.0
21.0
21.0
21.0
21.0
21.0
4.0
4.0
4.0
4.0
4.0
2.0
2.0
2.0
2.0
2.0
20.0
26.0
8.0
8.0
8.0
8.0
8.0
9.0
9.0
9.0
9.0
9.0
9.0
9.0
9.0
9.0
9.0
9.0
9.0
9.0
47.0
47.0
47.0
47.0
47.0
47.0
49.0
49.0
49.0
52.0
7.0
7.0
7.0
7.0
7.0
7.0
7.0
7.0
7.0
7.0
25.0
25.0
25.0
25.0
25.0
25.0
25.0
25.0
25.0
11.0
33.0
33.0
33.0
33.0
33.0
33.0
33.0
33.0
33.0
33.0
40.0
40.0
40.0
54.0
54.0
54.0
54.0
54.0
54.0
54.0
20.0
20.0
20.0
20.0
23.0
23.0
23.0
23.0
23.0
23.0
25.0
25.0
25.0
25.0
14.0
14.0
14.0
14.0
14.0
14.0
22.0
22.0
22.0
22.0
22.0
22.0
22.0
22.0
22.0
22.0
31.0
31.0
31.0
31.0
31.0
31.0
31.0
31.0
31.0
31.0
19.0
19.0
19.0
19.0
19.0
19.0
19.0
19.0
25.0
25.0
7.0
8.0
8.0
8.0
3.0
3.0
3.0
3.0
3.0
3.0
50.0
50.0
50.0
50.0
50.0
50.0
52.0
52.0
52.0
58.0
14.0
14.0
14.0
14.0
17.0
17.0
17.0
17.0
17.0
17.0
18.0
18.0
18.0
18.0
18.0
18.0
18.0
18.0
18.0
18.0
40.0
40.0
40.0
40.0
40.0
40.0
40.0
40.0
40.0
57.0
8.0
8.0
8.0
8.0
8.0
8.0
8.0
10.0
10.0
10.0
38.0
46.0
46.0
46.0
46.0
46.0
46.0
46.0
46.0
46.0
11.0
11.0
11.0
11.0
11.0
11.0
11.0
11.0
13.0
14.0
12.0
12.0
12.0
12.0
12.0
12.0
12.0
14.0
14.0
14.0
1.0
1.0
1.0
1.0
1.0
1.0
1.0
1.0
1.0
1.0
11.0
11.0
11.0
11.0
11.0
11.0
11.0
11.0
11.0
13.0
11.0
11.0
11.0
11.0
11.0
11.0
11.0
11.0
11.0
11.0
18.0
18.0
18.0
18.0
18.0
20.0
20.0
20.0
20.0
20.0
5.0
2.0
2.0
2.0
2.0
2.0
2.0
2.0
2.0
2.0
4.0
4.0
4.0
4.0
4.0
4.0
4.0
2.0
2.0
2.0
28.0
36.0
36.0
36.0
14.0
14.0
14.0
14.0
14.0
15.0
26.0
26.0
26.0
26.0
26.0
26.0
26.0
26.0
26.0
26.0
12.0
12.0
12.0
12.0
12.0
12.0
12.0
12.0
12.0
12.0
16.0
16.0
16.0
16.0
16.0
16.0
16.0
9.0
9.0
9.0
30.0
30.0
30.0
30.0
30.0
30.0
30.0
30.0
30.0
30.0
35.0
37.0
39.0
39.0
39.0
39.0
39.0
39.0
39.0
39.0
20.0
27.0
27.0
27.0
27.0
34.0
34.0
34.0
34.0
34.0
33.0
33.0
33.0
33.0
33.0
33.0
33.0
33.0
33.0
33.0
20.0
20.0
20.0
20.0
20.0
20.0
20.0
20.0
20.0
20.0
11.0
11.0
4.0
4.0
4.0
4.0
4.0
4.0
4.0
5.0
2.0
2.0
3.0
3.0
3.0
3.0
3.0
3.0
3.0
3.0
15.0
15.0
15.0
15.0
15.0
15.0
15.0
15.0
15.0
15.0
13.0
13.0
13.0
13.0
13.0
13.0
13.0
13.0
13.0
13.0
42.0
42.0
22.0
22.0
22.0
22.0
22.0
22.0
22.0
22.0
25.0
25.0
25.0
25.0
25.0
25.0
25.0
25.0
25.0
25.0
21.0
28.0
28.0
28.0
28.0
28.0
28.0
28.0
28.0
28.0
10.0
10.0
10.0
10.0
10.0
10.0
10.0
10.0
10.0
10.0
40.0
40.0
40.0
40.0
40.0
40.0
40.0
40.0
40.0
40.0
15.0
15.0
15.0
15.0
15.0
15.0
15.0
15.0
15.0
15.0
16.0
16.0
16.0
16.0
16.0
16.0
16.0
16.0
16.0
16.0
17.0
17.0
17.0
17.0
18.0
18.0
18.0
18.0
18.0
18.0
31.0
31.0
31.0
31.0
31.0
14.0
14.0
14.0
14.0
14.0
18.0
21.0
21.0
24.0
24.0
24.0
24.0
25.0
25.0
25.0
24.0
24.0
24.0
24.0
24.0
24.0
12.0
12.0
12.0
12.0
31.0
31.0
31.0
31.0
31.0
19.0
19.0
19.0
19.0
19.0
22.0
22.0
22.0
22.0
22.0
22.0
22.0
22.0
22.0
22.0
10.0
10.0
10.0
10.0
10.0
10.0
10.0
10.0
10.0
12.0
10.0
10.0
10.0
10.0
10.0
10.0
10.0
10.0
10.0
10.0
25.0
25.0
25.0
25.0
25.0
25.0
25.0
25.0
25.0
25.0
2.0
2.0
2.0
2.0
2.0
2.0
2.0
2.0
2.0
2.0
14.0
14.0
14.0
18.0
21.0
21.0
21.0
21.0
24.0
24.0
17.0
17.0
17.0
17.0
17.0
17.0
17.0
17.0
19.0
19.0
7.0
7.0
7.0
7.0
7.0
7.0
7.0
7.0
7.0
7.0
5.0
2.0
2.0
2.0
2.0
2.0
2.0
2.0
2.0
2.0
25.0
25.0
25.0
25.0
25.0
26.0
26.0
26.0
26.0
26.0
8.0
8.0
8.0
8.0
8.0
8.0
8.0
8.0
8.0
9.0
3.0
3.0
3.0
3.0
3.0
3.0
3.0
2.0
2.0
2.0
24.0
24.0
24.0
24.0
24.0
24.0
28.0
28.0
30.0
17.0
6.0
6.0
6.0
6.0
6.0
6.0
6.0
6.0
6.0
6.0
2.0
3.0
3.0
3.0
3.0
3.0
3.0
1.0
1.0
1.0
11.0
11.0
11.0
11.0
11.0
4.0
4.0
4.0
4.0
4.0
3.0
3.0
3.0
3.0
3.0
3.0
3.0
3.0
3.0
3.0
24.0
24.0
24.0
24.0
24.0
24.0
24.0
24.0
24.0
24.0
24.0
24.0
28.0
28.0
28.0
28.0
28.0
28.0
28.0
28.0
25.0
25.0
25.0
25.0
25.0
25.0
25.0
25.0
25.0
25.0
12.0
12.0
12.0
16.0
16.0
16.0
17.0
17.0
17.0
17.0
3.0
3.0
3.0
3.0
3.0
3.0
3.0
3.0
3.0
3.0
24.0
24.0
17.0
17.0
12.0
12.0
12.0
7.0
7.0
7.0
9.0
9.0
9.0
9.0
10.0
10.0
10.0
5.0
5.0
5.0
47.0
47.0
47.0
47.0
47.0
47.0
47.0
47.0
47.0
69.0
6.0
6.0
6.0
6.0
6.0
6.0
6.0
6.0
6.0
6.0
15.0
16.0
16.0
16.0
16.0
16.0
16.0
16.0
16.0
16.0
42.0
42.0
46.0
46.0
46.0
46.0
46.0
46.0
46.0
46.0
5.0
5.0
5.0
5.0
5.0
5.0
5.0
5.0
5.0
5.0
26.0
26.0
26.0
26.0
26.0
26.0
26.0
26.0
26.0
26.0
3.0
3.0
3.0
3.0
3.0
3.0
3.0
3.0
3.0
3.0
2.0
2.0
2.0
2.0
3.0
3.0
3.0
3.0
3.0
4.0
7.0
7.0
7.0
7.0
7.0
7.0
7.0
7.0
7.0
7.0
26.0
26.0
26.0
29.0
29.0
29.0
29.0
29.0
29.0
29.0
23.0
23.0
23.0
23.0
23.0
23.0
23.0
23.0
23.0
23.0
1.0
1.0
1.0
1.0
1.0
1.0
1.0
1.0
1.0
1.0
23.0
23.0
23.0
23.0
23.0
23.0
23.0
12.0
12.0
16.0
17.0
17.0
17.0
17.0
17.0
17.0
21.0
21.0
21.0
21.0
51.0
51.0
51.0
51.0
51.0
51.0
51.0
51.0
51.0
51.0
28.0
28.0
28.0
28.0
28.0
28.0
28.0
28.0
32.0
32.0
3.0
3.0
1.0
1.0
1.0
1.0
1.0
1.0
1.0
1.0
35.0
35.0
35.0
35.0
35.0
35.0
35.0
35.0
35.0
35.0
64.0
64.0
64.0
64.0
64.0
64.0
64.0
68.0
68.0
68.0
18.0
19.0
19.0
19.0
19.0
19.0
19.0
19.0
19.0
19.0
31.0
31.0
31.0
31.0
31.0
31.0
31.0
31.0
31.0
31.0
16.0
19.0
19.0
19.0
19.0
19.0
19.0
19.0
19.0
19.0
65.0
65.0
65.0
65.0
65.0
65.0
65.0
65.0
65.0
65.0
30.0
30.0
30.0
34.0
34.0
34.0
36.0
21.0
21.0
21.0
29.0
29.0
29.0
29.0
29.0
29.0
29.0
29.0
29.0
29.0
20.0
20.0
20.0
20.0
20.0
20.0
20.0
20.0
24.0
24.0
4.0
4.0
4.0
4.0
4.0
4.0
2.0
2.0
3.0
3.0
46.0
46.0
46.0
46.0
46.0
46.0
46.0
67.0
67.0
67.0
15.0
15.0
15.0
15.0
15.0
15.0
15.0
15.0
15.0
15.0
21.0
21.0
21.0
21.0
21.0
21.0
21.0
21.0
21.0
21.0
7.0
7.0
9.0
9.0
9.0
9.0
9.0
4.0
4.0
4.0
39.0
39.0
39.0
39.0
39.0
39.0
39.0
39.0
39.0
39.0
24.0
24.0
24.0
25.0
25.0
25.0
29.0
35.0
35.0
35.0
26.0
31.0
31.0
31.0
19.0
19.0
19.0
19.0
21.0
27.0
28.0
28.0
28.0
19.0
19.0
19.0
19.0
19.0
19.0
19.0
12.0
12.0
12.0
12.0
12.0
12.0
12.0
12.0
12.0
12.0
44.0
44.0
44.0
44.0
44.0
44.0
44.0
44.0
44.0
44.0
1.0
1.0
1.0
1.0
1.0
1.0
1.0
1.0
1.0
1.0
28.0
28.0
30.0
30.0
30.0
39.0
39.0
45.0
51.0
22.0
34.0
40.0
40.0
24.0
25.0
29.0
29.0
29.0
29.0
29.0
27.0
27.0
27.0
27.0
27.0
27.0
27.0
27.0
27.0
27.0
29.0
29.0
29.0
29.0
29.0
29.0
29.0
29.0
29.0
29.0
8.0
8.0
8.0
8.0
8.0
8.0
11.0
11.0
11.0
11.0
6.0
1.0
1.0
1.0
1.0
2.0
1.0
1.0
1.0
1.0
20.0
20.0
20.0
20.0
20.0
20.0
20.0
20.0
20.0
20.0
15.0
17.0
17.0
17.0
17.0
17.0
17.0
17.0
17.0
17.0
10.0
10.0
10.0
10.0
10.0
12.0
12.0
12.0
12.0
12.0
1.0
1.0
1.0
1.0
1.0
1.0
1.0
1.0
1.0
1.0
18.0
18.0
18.0
18.0
20.0
20.0
20.0
20.0
20.0
20.0
45.0
45.0
45.0
45.0
45.0
62.0
62.0
62.0
62.0
62.0
8.0
8.0
8.0
8.0
8.0
8.0
8.0
8.0
8.0
8.0
9.0
9.0
12.0
12.0
12.0
12.0
7.0
8.0
8.0
9.0
31.0
31.0
31.0
31.0
31.0
31.0
31.0
33.0
33.0
33.0
16.0
16.0
19.0
19.0
19.0
19.0
19.0
19.0
19.0
7.0
2.0
2.0
2.0
2.0
2.0
2.0
2.0
2.0
2.0
2.0
9.0
9.0
9.0
9.0
9.0
9.0
9.0
9.0
9.0
9.0
8.0
8.0
8.0
8.0
8.0
9.0
9.0
9.0
10.0
10.0
6.0
6.0
6.0
6.0
6.0
7.0
7.0
7.0
7.0
7.0
7.0
7.0
7.0
7.0
7.0
7.0
7.0
7.0
7.0
7.0
14.0
14.0
14.0
14.0
14.0
14.0
14.0
14.0
14.0
14.0
36.0
36.0
36.0
36.0
36.0
36.0
37.0
37.0
37.0
37.0
16.0
16.0
16.0
16.0
16.0
16.0
16.0
17.0
17.0
17.0
47.0
47.0
47.0
47.0
47.0
47.0
47.0
47.0
47.0
47.0
11.0
11.0
11.0
11.0
11.0
11.0
11.0
11.0
11.0
11.0
8.0
8.0
8.0
8.0
8.0
8.0
8.0
8.0
8.0
8.0
35.0
35.0
35.0
35.0
35.0
35.0
35.0
35.0
35.0
35.0
80.0
80.0
80.0
92.0
92.0
92.0
92.0
92.0
92.0
92.0
18.0
18.0
18.0
18.0
18.0
18.0
18.0
18.0
18.0
18.0
28.0
41.0
41.0
41.0
41.0
41.0
45.0
45.0
45.0
49.0
15.0
15.0
15.0
15.0
15.0
15.0
15.0
15.0
15.0
15.0
13.0
13.0
13.0
13.0
13.0
5.0
5.0
5.0
7.0
7.0
18.0
18.0
18.0
18.0
18.0
14.0
14.0
14.0
14.0
9.0
4.0
5.0
2.0
2.0
2.0
2.0
2.0
2.0
2.0
2.0
19.0
19.0
19.0
19.0
19.0
19.0
19.0
19.0
20.0
20.0
17.0
17.0
17.0
19.0
21.0
26.0
26.0
26.0
26.0
26.0
33.0
33.0
33.0
33.0
33.0
40.0
40.0
40.0
40.0
40.0
50.0
50.0
50.0
50.0
61.0
61.0
61.0
61.0
61.0
61.0
11.0
11.0
11.0
11.0
11.0
11.0
11.0
11.0
11.0
11.0
5.0
5.0
5.0
5.0
5.0
5.0
5.0
5.0
6.0
8.0
25.0
25.0
25.0
30.0
35.0
40.0
40.0
40.0
45.0
45.0
23.0
23.0
23.0
23.0
23.0
23.0
23.0
23.0
23.0
23.0
36.0
36.0
36.0
36.0
36.0
36.0
36.0
50.0
50.0
50.0
1.0
2.0
2.0
2.0
2.0
2.0
2.0
2.0
2.0
2.0
8.0
8.0
8.0
8.0
8.0
8.0
9.0
9.0
9.0
9.0
63.0
63.0
78.0
78.0
78.0
78.0
78.0
78.0
78.0
78.0
32.0
32.0
38.0
38.0
38.0
38.0
38.0
38.0
52.0
52.0
27.0
27.0
27.0
27.0
27.0
27.0
27.0
27.0
27.0
27.0
8.0
8.0
8.0
8.0
9.0
3.0
3.0
3.0
3.0
3.0
1.0
1.0
1.0
1.0
1.0
1.0
1.0
1.0
1.0
1.0
3.0
3.0
3.0
3.0
2.0
2.0
2.0
2.0
2.0
2.0
6.0
5.0
5.0
5.0
5.0
5.0
5.0
6.0
6.0
7.0
12.0
12.0
12.0
12.0
12.0
12.0
12.0
12.0
12.0
12.0
3.0
3.0
3.0
3.0
3.0
3.0
3.0
3.0
3.0
3.0
26.0
26.0
26.0
27.0
27.0
27.0
36.0
36.0
36.0
36.0
9.0
9.0
9.0
9.0
9.0
9.0
9.0
9.0
9.0
9.0
31.0
31.0
31.0
31.0
31.0
31.0
31.0
32.0
32.0
32.0
25.0
25.0
25.0
25.0
25.0
25.0
25.0
25.0
25.0
25.0
8.0
8.0
8.0
8.0
8.0
8.0
8.0
8.0
8.0
8.0
32.0
32.0
32.0
32.0
32.0
32.0
33.0
33.0
33.0
33.0
41.0
41.0
41.0
41.0
41.0
41.0
41.0
41.0
41.0
43.0
25.0
25.0
30.0
30.0
30.0
30.0
30.0
30.0
30.0
13.0
9.0
9.0
9.0
9.0
9.0
9.0
9.0
9.0
9.0
9.0
22.0
22.0
22.0
22.0
22.0
22.0
19.0
19.0
19.0
19.0
17.0
17.0
17.0
17.0
17.0
17.0
17.0
17.0
17.0
17.0
35.0
35.0
35.0
35.0
35.0
35.0
35.0
35.0
35.0
35.0
18.0
18.0
18.0
18.0
18.0
18.0
18.0
18.0
18.0
18.0
8.0
8.0
8.0
8.0
8.0
8.0
8.0
8.0
8.0
8.0
21.0
21.0
21.0
21.0
21.0
21.0
21.0
21.0
21.0
21.0
14.0
16.0
16.0
16.0
16.0
16.0
16.0
16.0
16.0
17.0
4.0
4.0
4.0
4.0
4.0
4.0
4.0
4.0
4.0
4.0
27.0
27.0
27.0
27.0
27.0
27.0
27.0
27.0
31.0
31.0
34.0
34.0
34.0
34.0
34.0
34.0
41.0
41.0
41.0
23.0
8.0
8.0
8.0
8.0
8.0
8.0
8.0
8.0
8.0
9.0
23.0
23.0
23.0
23.0
23.0
23.0
23.0
23.0
29.0
29.0
15.0
15.0
15.0
15.0
15.0
15.0
15.0
15.0
15.0
15.0
15.0
16.0
17.0
17.0
17.0
17.0
17.0
17.0
17.0
17.0
3.0
3.0
3.0
3.0
3.0
3.0
3.0
3.0
3.0
3.0
35.0
35.0
35.0
35.0
35.0
42.0
42.0
49.0
49.0
49.0
4.0
4.0
4.0
4.0
4.0
4.0
4.0
4.0
4.0
4.0
16.0
16.0
16.0
16.0
16.0
17.0
17.0
17.0
17.0
17.0
26.0
26.0
26.0
26.0
26.0
26.0
26.0
26.0
26.0
27.0
25.0
25.0
25.0
25.0
25.0
25.0
28.0
28.0
28.0
28.0
5.0
5.0
4.0
4.0
4.0
4.0
4.0
4.0
4.0
1.0
26.0
26.0
26.0
26.0
26.0
26.0
26.0
26.0
26.0
26.0
10.0
10.0
10.0
10.0
10.0
10.0
10.0
10.0
10.0
10.0
14.0
14.0
14.0
14.0
14.0
14.0
14.0
14.0
14.0
14.0
22.0
22.0
22.0
22.0
22.0
22.0
22.0
22.0
24.0
24.0
16.0
16.0
12.0
12.0
12.0
12.0
12.0
12.0
12.0
12.0
23.0
25.0
25.0
25.0
25.0
25.0
25.0
25.0
25.0
25.0
17.0
17.0
17.0
17.0
17.0
17.0
20.0
10.0
10.0
10.0
22.0
22.0
22.0
22.0
22.0
22.0
22.0
22.0
22.0
22.0
16.0
16.0
16.0
16.0
16.0
16.0
16.0
16.0
16.0
16.0
27.0
27.0
27.0
27.0
27.0
27.0
27.0
27.0
27.0
27.0
8.0
8.0
5.0
5.0
5.0
5.0
5.0
6.0
6.0
6.0
1.0
1.0
1.0
2.0
2.0
2.0
2.0
1.0
1.0
1.0
27.0
27.0
27.0
27.0
27.0
27.0
27.0
27.0
27.0
34.0
2.0
2.0
2.0
2.0
2.0
2.0
2.0
2.0
2.0
2.0
7.0
7.0
7.0
7.0
7.0
7.0
4.0
4.0
4.0
4.0
12.0
12.0
12.0
12.0
12.0
12.0
12.0
12.0
12.0
14.0
14.0
14.0
14.0
14.0
14.0
14.0
14.0
14.0
14.0
14.0
15.0
15.0
15.0
15.0
15.0
15.0
15.0
15.0
15.0
15.0
9.0
9.0
9.0
9.0
9.0
9.0
9.0
9.0
9.0
9.0
6.0
6.0
6.0
6.0
6.0
6.0
6.0
6.0
6.0
6.0
14.0
14.0
16.0
16.0
16.0
16.0
19.0
19.0
19.0
19.0
11.0
11.0
11.0
11.0
11.0
11.0
11.0
11.0
11.0
11.0
55.0
55.0
55.0
55.0
62.0
62.0
85.0
92.0
92.0
92.0
21.0
21.0
21.0
23.0
23.0
23.0
23.0
23.0
23.0
23.0
5.0
5.0
5.0
5.0
5.0
5.0
5.0
5.0
5.0
5.0
22.0
22.0
22.0
22.0
22.0
22.0
22.0
22.0
22.0
22.0
14.0
14.0
14.0
14.0
15.0
15.0
15.0
15.0
15.0
15.0
15.0
15.0
15.0
15.0
15.0
15.0
15.0
15.0
15.0
15.0
12.0
12.0
12.0
12.0
12.0
12.0
12.0
12.0
12.0
12.0
7.0
7.0
7.0
7.0
8.0
4.0
5.0
6.0
6.0
6.0
12.0
12.0
12.0
12.0
12.0
12.0
13.0
13.0
15.0
20.0
28.0
28.0
28.0
28.0
28.0
28.0
28.0
28.0
28.0
28.0
6.0
6.0
6.0
6.0
6.0
6.0
6.0
6.0
6.0
6.0
30.0
30.0
30.0
30.0
30.0
30.0
30.0
30.0
30.0
30.0
3.0
3.0
3.0
3.0
3.0
3.0
3.0
3.0
3.0
3.0
10.0
10.0
10.0
10.0
10.0
10.0
10.0
10.0
10.0
10.0
9.0
13.0
13.0
13.0
13.0
13.0
16.0
16.0
16.0
16.0
3.0
3.0
3.0
3.0
3.0
3.0
3.0
3.0
3.0
3.0
15.0
15.0
15.0
15.0
15.0
15.0
15.0
15.0
15.0
15.0
12.0
12.0
12.0
12.0
12.0
12.0
12.0
12.0
4.0
4.0
26.0
26.0
26.0
26.0
26.0
26.0
26.0
31.0
31.0
16.0
28.0
28.0
28.0
28.0
28.0
28.0
28.0
28.0
28.0
28.0
10.0
10.0
10.0
10.0
10.0
10.0
10.0
10.0
10.0
10.0
24.0
24.0
24.0
32.0
39.0
39.0
39.0
39.0
48.0
48.0
11.0
11.0
11.0
11.0
11.0
11.0
11.0
14.0
14.0
5.0
2.0
2.0
2.0
2.0
1.0
1.0
1.0
1.0
1.0
1.0
12.0
12.0
12.0
12.0
8.0
8.0
6.0
6.0
6.0
6.0
30.0
30.0
30.0
30.0
30.0
30.0
30.0
30.0
30.0
30.0
21.0
21.0
21.0
8.0
8.0
8.0
8.0
8.0
8.0
8.0
9.0
9.0
9.0
9.0
9.0
9.0
9.0
9.0
9.0
9.0
21.0
21.0
21.0
21.0
24.0
24.0
24.0
24.0
24.0
28.0
31.0
31.0
42.0
42.0
42.0
42.0
42.0
42.0
42.0
42.0
9.0
9.0
9.0
9.0
9.0
9.0
9.0
9.0
9.0
9.0
10.0
10.0
10.0
10.0
10.0
10.0
10.0
10.0
10.0
10.0
10.0
10.0
10.0
10.0
10.0
10.0
11.0
11.0
11.0
11.0
15.0
15.0
15.0
15.0
23.0
23.0
23.0
25.0
25.0
25.0
24.0
24.0
24.0
24.0
24.0
24.0
24.0
24.0
24.0
24.0
7.0
7.0
8.0
8.0
8.0
8.0
8.0
8.0
8.0
8.0
18.0
18.0
18.0
18.0
18.0
18.0
18.0
20.0
20.0
20.0
12.0
12.0
12.0
12.0
12.0
12.0
12.0
12.0
12.0
12.0
42.0
42.0
42.0
42.0
42.0
42.0
42.0
42.0
42.0
18.0
19.0
19.0
19.0
19.0
19.0
20.0
20.0
20.0
20.0
20.0
24.0
24.0
24.0
29.0
39.0
39.0
39.0
39.0
39.0
39.0
27.0
27.0
27.0
27.0
27.0
27.0
27.0
27.0
27.0
27.0
6.0
6.0
2.0
2.0
2.0
2.0
1.0
1.0
1.0
1.0
19.0
19.0
19.0
19.0
19.0
19.0
19.0
19.0
19.0
19.0
6.0
6.0
6.0
7.0
7.0
7.0
7.0
8.0
8.0
8.0
8.0
8.0
8.0
8.0
8.0
8.0
8.0
8.0
8.0
8.0
28.0
28.0
28.0
28.0
28.0
28.0
28.0
28.0
28.0
28.0
23.0
23.0
23.0
23.0
18.0
18.0
18.0
18.0
18.0
18.0
1.0
1.0
1.0
1.0
1.0
1.0
2.0
2.0
1.0
1.0
23.0
23.0
23.0
23.0
26.0
26.0
26.0
26.0
26.0
26.0
22.0
22.0
22.0
22.0
22.0
27.0
27.0
27.0
27.0
12.0
13.0
16.0
16.0
16.0
16.0
16.0
16.0
16.0
16.0
16.0
24.0
24.0
24.0
24.0
24.0
24.0
25.0
25.0
25.0
25.0
23.0
23.0
23.0
23.0
23.0
23.0
26.0
26.0
26.0
26.0
9.0
9.0
9.0
9.0
9.0
10.0
5.0
5.0
5.0
5.0
2.0
2.0
1.0
1.0
1.0
1.0
1.0
1.0
1.0
1.0
27.0
27.0
27.0
27.0
27.0
27.0
36.0
36.0
36.0
36.0
10.0
3.0
3.0
3.0
3.0
3.0
3.0
3.0
3.0
3.0
33.0
45.0
45.0
24.0
24.0
24.0
24.0
24.0
24.0
24.0
29.0
29.0
29.0
29.0
29.0
29.0
36.0
36.0
36.0
36.0
23.0
23.0
26.0
26.0
26.0
26.0
26.0
26.0
26.0
26.0
7.0
7.0
7.0
8.0
8.0
8.0
8.0
8.0
8.0
8.0
30.0
30.0
30.0
30.0
30.0
30.0
30.0
30.0
36.0
36.0
26.0
26.0
35.0
35.0
35.0
35.0
41.0
41.0
41.0
41.0
31.0
33.0
33.0
33.0
33.0
33.0
33.0
33.0
33.0
38.0
28.0
28.0
28.0
28.0
28.0
28.0
28.0
28.0
28.0
38.0
18.0
18.0
18.0
18.0
18.0
18.0
18.0
18.0
18.0
18.0
36.0
36.0
36.0
47.0
47.0
47.0
47.0
47.0
47.0
47.0
20.0
20.0
27.0
27.0
27.0
27.0
27.0
27.0
27.0
27.0
8.0
3.0
3.0
3.0
3.0
4.0
4.0
4.0
4.0
4.0
3.0
3.0
3.0
3.0
3.0
3.0
3.0
3.0
3.0
3.0
6.0
6.0
6.0
4.0
4.0
4.0
4.0
4.0
4.0
4.0
38.0
46.0
46.0
49.0
59.0
59.0
70.0
85.0
85.0
85.0
7.0
7.0
7.0
7.0
7.0
7.0
7.0
7.0
7.0
7.0
26.0
26.0
26.0
26.0
26.0
30.0
30.0
30.0
30.0
30.0
51.0
51.0
51.0
51.0
51.0
51.0
51.0
51.0
51.0
52.0
19.0
19.0
19.0
9.0
11.0
11.0
11.0
11.0
11.0
11.0
25.0
25.0
25.0
25.0
25.0
25.0
25.0
25.0
25.0
25.0
19.0
19.0
19.0
19.0
19.0
19.0
19.0
21.0
21.0
21.0
8.0
8.0
8.0
8.0
8.0
8.0
8.0
8.0
8.0
8.0
1.0
1.0
1.0
1.0
1.0
1.0
1.0
1.0
1.0
1.0
37.0
37.0
37.0
37.0
37.0
37.0
37.0
37.0
37.0
37.0
25.0
25.0
25.0
25.0
25.0
25.0
26.0
26.0
21.0
22.0
8.0
8.0
8.0
11.0
11.0
11.0
11.0
11.0
11.0
2.0
19.0
19.0
19.0
19.0
20.0
23.0
23.0
23.0
23.0
28.0
22.0
22.0
25.0
25.0
25.0
25.0
28.0
28.0
28.0
32.0
25.0
25.0
25.0
26.0
26.0
26.0
26.0
26.0
26.0
26.0
27.0
27.0
27.0
27.0
27.0
27.0
30.0
30.0
30.0
30.0
31.0
31.0
31.0
23.0
23.0
23.0
23.0
23.0
23.0
23.0
12.0
12.0
12.0
12.0
12.0
12.0
12.0
12.0
12.0
12.0
35.0
35.0
35.0
35.0
35.0
35.0
35.0
35.0
35.0
35.0
8.0
8.0
9.0
9.0
9.0
9.0
9.0
9.0
9.0
9.0
29.0
31.0
31.0
31.0
31.0
31.0
31.0
31.0
31.0
35.0
7.0
7.0
7.0
7.0
7.0
10.0
10.0
10.0
10.0
10.0
40.0
40.0
40.0
40.0
40.0
40.0
40.0
40.0
40.0
40.0
8.0
8.0
8.0
8.0
9.0
9.0
9.0
9.0
9.0
9.0
7.0
7.0
7.0
7.0
7.0
7.0
7.0
7.0
7.0
7.0
8.0
8.0
8.0
8.0
8.0
8.0
8.0
8.0
8.0
8.0
25.0
26.0
26.0
26.0
26.0
26.0
26.0
26.0
26.0
26.0
18.0
18.0
18.0
18.0
18.0
18.0
18.0
18.0
18.0
18.0
20.0
20.0
13.0
13.0
13.0
13.0
13.0
13.0
13.0
13.0
32.0
32.0
32.0
32.0
32.0
38.0
40.0
54.0
54.0
54.0
24.0
24.0
24.0
24.0
24.0
25.0
25.0
32.0
32.0
32.0
9.0
9.0
9.0
9.0
9.0
9.0
9.0
9.0
9.0
9.0
27.0
27.0
27.0
27.0
38.0
38.0
38.0
38.0
38.0
38.0
11.0
11.0
11.0
11.0
11.0
11.0
5.0
5.0
5.0
5.0
32.0
32.0
32.0
32.0
32.0
32.0
32.0
32.0
32.0
32.0
7.0
7.0
7.0
7.0
7.0
7.0
7.0
8.0
8.0
8.0
1.0
1.0
1.0
1.0
1.0
1.0
1.0
1.0
1.0
1.0
30.0
30.0
30.0
30.0
30.0
30.0
30.0
30.0
30.0
30.0
16.0
16.0
16.0
16.0
16.0
16.0
16.0
16.0
16.0
8.0
14.0
14.0
14.0
14.0
14.0
14.0
14.0
14.0
14.0
14.0
33.0
42.0
42.0
42.0
44.0
44.0
44.0
44.0
44.0
44.0
24.0
24.0
24.0
24.0
24.0
24.0
24.0
24.0
24.0
24.0
27.0
27.0
27.0
27.0
27.0
27.0
27.0
27.0
27.0
27.0
7.0
7.0
7.0
7.0
7.0
7.0
7.0
9.0
9.0
9.0
13.0
13.0
13.0
13.0
13.0
13.0
13.0
13.0
13.0
13.0
36.0
36.0
36.0
36.0
36.0
36.0
36.0
36.0
36.0
36.0
20.0
20.0
20.0
20.0
20.0
20.0
20.0
20.0
20.0
20.0
26.0
26.0
26.0
26.0
26.0
26.0
26.0
26.0
28.0
28.0
18.0
18.0
18.0
18.0
18.0
18.0
22.0
22.0
22.0
22.0
13.0
14.0
14.0
14.0
14.0
14.0
14.0
14.0
14.0
14.0
27.0
27.0
30.0
30.0
30.0
34.0
34.0
34.0
34.0
34.0
9.0
9.0
9.0
9.0
9.0
9.0
9.0
9.0
9.0
9.0
